 0.16052E+01
 0.33136E+01
 0.21731E+01
-0.14008E+01
-0.30575E+01
-0.24136E+01
-0.20860E+01
-0.19949E+01
-0.89613E+00
 0.65570E+00
 0.84874E+00
-0.89668E+00
-0.18697E+01
-0.53617E-01
 0.18355E+01
 0.18874E+01
 0.21313E+01
 0.29659E+01
 0.31947E+01
 0.31834E+01
 0.21745E+01
-0.22010E+00
-0.11429E+01
-0.41231E+00
-0.82009E+00
-0.99764E+00
 0.51380E+00
 0.42531E+00
-0.18135E+01
-0.29415E+01
-0.30674E+01
-0.35331E+01
 0.13937E+01
 0.24691E+01
 0.61472E+00
-0.25938E+01
-0.29993E+01
-0.19509E+01
-0.20710E+01
-0.16195E+01
 0.38057E+00
 0.19228E+01
 0.16590E+01
-0.73613E-01
-0.12388E+01
-0.19911E+00
 0.12573E+01
 0.16166E+01
 0.23120E+01
 0.34736E+01
 0.42025E+01
 0.47718E+01
 0.36868E+01
 0.37096E+00
-0.12968E+01
-0.44777E+00
-0.51977E+00
-0.55723E+00
 0.13627E+01
 0.16883E+01
-0.10253E+01
-0.31677E+01
-0.36491E+01
-0.36590E+01
 0.11175E+01
 0.15376E+01
-0.69114E+00
-0.30925E+01
-0.23058E+01
-0.11173E+01
-0.15370E+01
-0.69530E+00
 0.14065E+01
 0.20366E+01
 0.13320E+01
 0.17249E+00
-0.95096E+00
-0.74724E+00
 0.23022E+00
 0.64407E+00
 0.12481E+01
 0.22842E+01
 0.33345E+01
 0.46284E+01
 0.41267E+01
 0.69616E+00
-0.15571E+01
-0.93154E+00
-0.69232E+00
-0.28484E+00
 0.21887E+01
 0.29774E+01
-0.51362E-01
-0.31156E+01
-0.40438E+01
-0.37186E+01
 0.79639E+00
 0.62273E+00
-0.15950E+01
-0.29418E+01
-0.13001E+01
-0.24395E+00
-0.74082E+00
 0.40718E+00
 0.19138E+01
 0.11934E+01
 0.23874E+00
 0.10216E-01
-0.71157E+00
-0.91822E+00
-0.20997E+00
-0.69577E-02
-0.12649E+00
-0.12371E+00
 0.11459E+00
 0.14875E+01
 0.24067E+01
 0.71684E+00
-0.10118E+01
-0.81804E+00
-0.76145E+00
-0.11681E+00
 0.27391E+01
 0.39475E+01
 0.88059E+00
-0.28323E+01
-0.42203E+01
-0.36962E+01
 0.45194E+00
-0.19187E+00
-0.20469E+01
-0.23225E+01
-0.36740E+00
 0.27372E+00
-0.13723E+00
 0.11347E+01
 0.16901E+01
-0.14967E+00
-0.94083E+00
-0.26641E+00
-0.69788E+00
-0.11595E+01
-0.40607E+00
 0.13504E+00
 0.52276E-01
-0.63556E+00
-0.19241E+01
-0.18919E+01
-0.37545E+00
 0.14789E+00
-0.12889E+00
-0.47487E-02
-0.32087E+00
 0.13040E+00
 0.28549E+01
 0.42995E+01
 0.15529E+01
-0.23829E+01
-0.41645E+01
-0.35804E+01
 0.10547E+00
-0.85122E+00
-0.20906E+01
-0.14775E+01
 0.20679E+00
 0.22551E+00
 0.16541E-01
 0.12660E+01
 0.94015E+00
-0.13214E+01
-0.15308E+01
-0.27422E+00
-0.70826E+00
-0.13739E+01
-0.53157E+00
 0.48408E+00
 0.10744E+01
 0.85537E+00
-0.94374E+00
-0.24670E+01
-0.19477E+01
-0.79034E+00
 0.30764E-01
 0.62495E+00
 0.36693E+00
 0.42939E+00
 0.24433E+01
 0.38668E+01
 0.18174E+01
-0.18343E+01
-0.38805E+01
-0.33652E+01
-0.22360E+00
-0.13312E+01
-0.18376E+01
-0.63230E+00
 0.35954E+00
-0.22613E+00
-0.40187E-01
 0.12440E+01
 0.43113E+00
-0.16379E+01
-0.13454E+01
-0.37703E-01
-0.34188E+00
-0.56517E+00
 0.44595E+00
 0.11514E+01
 0.14519E+01
 0.16344E+01
 0.61087E+00
-0.10498E+01
-0.16638E+01
-0.13169E+01
-0.45975E+00
 0.63618E+00
 0.85975E+00
 0.57122E+00
 0.15007E+01
 0.26853E+01
 0.16425E+01
-0.12415E+01
-0.33890E+01
-0.30502E+01
-0.51906E+00
-0.16342E+01
-0.14306E+01
 0.58697E-01
 0.25486E+00
-0.61609E+00
 0.24235E+00
 0.17535E+01
 0.87119E+00
-0.91845E+00
-0.95046E+00
-0.45712E+00
-0.50943E+00
 0.36431E+00
 0.18896E+01
 0.22037E+01
 0.16769E+01
 0.14170E+01
 0.95257E+00
 0.78448E-01
-0.56322E+00
-0.79600E+00
-0.39509E+00
 0.67540E+00
 0.11498E+01
 0.47416E+00
 0.21678E+00
 0.10288E+01
 0.11317E+01
-0.63933E+00
-0.27247E+01
-0.26407E+01
-0.76871E+00
-0.17807E+01
-0.10050E+01
 0.52418E+00
 0.15062E+00
-0.52373E+00
 0.10947E+01
 0.27544E+01
 0.19245E+01
 0.24485E+00
-0.77451E+00
-0.16330E+01
-0.17856E+01
-0.47712E+00
 0.11142E+01
 0.18169E+01
 0.19114E+01
 0.17177E+01
 0.11721E+01
 0.60641E+00
 0.38750E+00
 0.40874E+00
 0.68431E+00
 0.13100E+01
 0.14631E+01
 0.30067E+00
-0.99802E+00
-0.63751E+00
 0.49443E+00
-0.43623E-01
-0.19333E+01
-0.21465E+01
-0.96474E+00
-0.17991E+01
-0.66058E+00
 0.75420E+00
 0.21177E+00
 0.73064E-01
 0.20114E+01
 0.31250E+01
 0.20879E+01
 0.71995E+00
-0.63038E+00
-0.20807E+01
-0.25094E+01
-0.21269E+01
-0.17002E+01
-0.48526E+00
 0.14070E+01
 0.23549E+01
 0.19942E+01
 0.12914E+01
 0.94551E+00
 0.11751E+01
 0.16996E+01
 0.20198E+01
 0.17124E+01
 0.25126E+00
-0.16800E+01
-0.18146E+01
-0.29701E-01
 0.53825E+00
-0.10673E+01
-0.15819E+01
-0.11036E+01
-0.17175E+01
-0.44439E+00
 0.77142E+00
 0.40811E+00
 0.78023E+00
 0.21731E+01
 0.17873E+01
 0.21807E+00
-0.29293E+00
-0.62077E+00
-0.13995E+01
-0.17815E+01
-0.23974E+01
-0.29706E+01
-0.14614E+01
 0.12685E+01
 0.26097E+01
 0.25893E+01
 0.20911E+01
 0.12669E+01
 0.10261E+01
 0.16461E+01
 0.19750E+01
 0.15683E+01
 0.35900E+00
-0.15804E+01
-0.21859E+01
-0.26966E+00
 0.10923E+01
-0.18129E+00
-0.96381E+00
-0.11859E+01
-0.15586E+01
-0.34981E+00
 0.61893E+00
 0.57015E+00
 0.11320E+01
 0.13614E+01
-0.70271E+00
-0.26369E+01
-0.20718E+01
-0.11078E+01
-0.11985E+01
-0.14463E+01
-0.18635E+01
-0.17393E+01
 0.31583E+00
 0.24855E+01
 0.27330E+01
 0.25014E+01
 0.24469E+01
 0.14214E+01
 0.49498E+00
 0.85553E+00
 0.11941E+01
 0.96641E+00
 0.50729E+00
-0.82811E+00
-0.17738E+01
-0.19892E+00
 0.15871E+01
 0.67282E+00
-0.31099E+00
-0.12155E+01
-0.13381E+01
-0.32809E+00
 0.36577E+00
 0.54541E+00
 0.94498E+00
 0.24802E+00
-0.23015E+01
-0.38066E+01
-0.26429E+01
-0.15011E+01
-0.19155E+01
-0.22595E+01
-0.17454E+01
-0.52130E+00
 0.15297E+01
 0.30243E+01
 0.28048E+01
 0.23482E+01
 0.22213E+01
 0.11166E+01
-0.93521E-01
 0.19250E-01
 0.27361E+00
 0.20012E+00
 0.54524E+00
 0.12416E+00
-0.93698E+00
 0.53856E-01
 0.19744E+01
 0.14507E+01
 0.35759E+00
-0.11991E+01
-0.10671E+01
-0.31020E+00
 0.10978E+00
 0.32511E+00
 0.36337E+00
-0.38112E+00
-0.16739E+01
-0.20723E+01
-0.11947E+01
-0.90962E+00
-0.20432E+01
-0.24121E+01
-0.10684E+01
 0.72804E-02
 0.42855E+00
 0.15598E+01
 0.27337E+01
 0.27155E+01
 0.17772E+01
 0.28909E+00
-0.90418E+00
-0.83277E+00
-0.49655E+00
-0.44256E+00
 0.34390E+00
 0.72413E+00
-0.19625E+00
 0.27114E+00
 0.22042E+01
 0.21201E+01
 0.10238E+01
-0.11452E+01
-0.75634E+00
-0.23323E+00
-0.43008E-01
 0.54095E-01
-0.33279E+00
-0.48874E+00
 0.19494E+00
 0.61250E+00
 0.56137E+00
 0.16257E+00
-0.12861E+01
-0.18316E+01
 0.15032E+00
 0.10626E+01
-0.40572E+00
 0.10618E+00
 0.27026E+01
 0.31057E+01
 0.13385E+01
-0.37776E+00
-0.16033E+01
-0.17482E+01
-0.11519E+01
-0.89145E+00
-0.18011E+00
 0.59060E+00
 0.25227E-01
 0.26049E+00
 0.22480E+01
 0.26639E+01
 0.16710E+01
-0.10638E+01
-0.42003E+00
-0.63660E-01
-0.22511E-01
-0.68627E-01
-0.87870E+00
-0.62183E+00
 0.11741E+01
 0.14418E+01
 0.75222E+00
 0.91187E+00
-0.61345E+00
-0.24977E+01
-0.30680E+00
 0.20367E+01
 0.47531E+00
 0.15027E+00
 0.25877E+01
 0.26904E+01
 0.80590E+00
-0.29588E+00
-0.15602E+01
-0.23537E+01
-0.16311E+01
-0.12079E+01
-0.10121E+01
-0.29040E+00
-0.38409E+00
-0.41170E-01
 0.21182E+01
 0.30810E+01
 0.22852E+01
-0.96507E+00
-0.77975E-01
 0.19046E+00
 0.16215E+00
 0.70250E-01
-0.10628E+01
-0.10314E+01
 0.46736E+00
 0.12904E+00
 0.95173E-01
 0.22457E+01
 0.74300E+00
-0.34723E+01
-0.19877E+01
 0.20552E+01
 0.15180E+01
 0.75788E+00
 0.25330E+01
 0.21793E+01
 0.56988E+00
 0.35340E+00
-0.87971E+00
-0.23993E+01
-0.18235E+01
-0.14799E+01
-0.19827E+01
-0.15291E+01
-0.11657E+01
-0.52810E+00
 0.18741E+01
 0.33845E+01
 0.28550E+01
-0.85880E+00
 0.24487E+00
 0.48344E+00
 0.41390E+00
 0.40235E+00
-0.79932E+00
-0.13371E+01
-0.78909E+00
-0.12622E+01
 0.45818E+00
 0.49345E+01
 0.38592E+01
-0.18264E+01
-0.15950E+01
 0.22215E+01
 0.17258E+01
 0.10064E+01
 0.29959E+01
 0.28296E+01
 0.13415E+01
 0.12888E+01
-0.51333E-01
-0.20084E+01
-0.17767E+01
-0.17602E+01
-0.27679E+01
-0.24896E+01
-0.18250E+01
-0.97458E+00
 0.16061E+01
 0.35971E+01
 0.33714E+01
-0.75364E+00
 0.52168E+00
 0.75052E+00
 0.59036E+00
 0.69516E+00
-0.25454E+00
-0.11252E+01
-0.12411E+01
-0.13254E+01
 0.15901E+01
 0.67763E+01
 0.63064E+01
 0.12692E+01
 0.77960E+00
 0.28290E+01
 0.14370E+01
 0.83381E+00
 0.32062E+01
 0.36688E+01
 0.26121E+01
 0.23923E+01
 0.81408E+00
-0.13444E+01
-0.15923E+01
-0.19699E+01
-0.29896E+01
-0.25985E+01
-0.18969E+01
-0.11492E+01
 0.14057E+01
 0.37448E+01
 0.38282E+01
-0.65650E+00
 0.72846E+00
 0.93285E+00
 0.58100E+00
 0.69756E+00
 0.18605E+00
-0.54707E+00
-0.77490E+00
-0.58532E+00
 0.16916E+01
 0.50962E+01
 0.47636E+01
 0.18263E+01
 0.16307E+01
 0.24166E+01
 0.10105E+01
 0.62974E+00
 0.23510E+01
 0.30600E+01
 0.30851E+01
 0.31662E+01
 0.15272E+01
-0.60472E+00
-0.12680E+01
-0.18862E+01
-0.24232E+01
-0.16694E+01
-0.12076E+01
-0.93588E+00
 0.13324E+01
 0.38511E+01
 0.42211E+01
-0.57206E+00
 0.84896E+00
 0.99750E+00
 0.37217E+00
 0.32897E+00
 0.20639E+00
-0.11178E+00
-0.11373E+00
 0.81278E-01
 0.70847E+00
 0.13291E+01
 0.70559E+00
-0.13347E+00
 0.41497E+00
 0.10862E+01
 0.93713E+00
 0.11430E+01
 0.16471E+01
 0.19429E+01
 0.27158E+01
 0.30149E+01
 0.15293E+01
-0.93773E-01
-0.73341E+00
-0.13313E+01
-0.12076E+01
-0.52502E-01
 0.15227E-01
-0.39803E+00
 0.13926E+01
 0.39321E+01
 0.45476E+01
-0.50257E+00
 0.87808E+00
 0.94405E+00
 0.54300E-01
-0.23827E+00
-0.15128E+00
-0.71631E-01
 0.24380E+00
 0.57947E+00
 0.32253E+00
-0.67142E+00
-0.15265E+01
-0.12355E+01
-0.22799E+00
 0.62341E+00
 0.15011E+01
 0.21856E+01
 0.19519E+01
 0.16886E+01
 0.21673E+01
 0.19567E+01
 0.70080E+00
 0.85189E-01
-0.17185E-02
-0.41679E+00
 0.13899E+00
 0.15218E+01
 0.12544E+01
 0.24897E+00
 0.15408E+01
 0.39953E+01
 0.48063E+01
-0.44788E+00
 0.82332E+00
 0.79754E+00
-0.23747E+00
-0.69289E+00
-0.53465E+00
-0.25203E+00
 0.22751E+00
 0.80481E+00
 0.76488E+00
-0.27714E+00
-0.12610E+01
-0.91405E+00
 0.29043E+00
 0.13512E+01
 0.22336E+01
 0.25677E+01
 0.19134E+01
 0.13246E+01
 0.12911E+01
 0.63840E+00
-0.24146E+00
 0.13523E+00
 0.72740E+00
 0.46120E+00
 0.10047E+01
 0.23494E+01
 0.19784E+01
 0.74099E+00
 0.17027E+01
 0.40409E+01
 0.49968E+01
-0.40574E+00
 0.70363E+00
 0.59475E+00
-0.40789E+00
-0.81597E+00
-0.64392E+00
-0.43630E+00
-0.18118E+00
 0.20030E+00
 0.40260E+00
-0.16157E+00
-0.11938E+01
-0.11651E+01
 0.38207E+00
 0.20103E+01
 0.26497E+01
 0.22461E+01
 0.11045E+01
 0.29192E+00
 0.30388E+00
 0.28112E-01
-0.43601E+00
 0.29246E+00
 0.12193E+01
 0.96145E+00
 0.11058E+01
 0.21623E+01
 0.19187E+01
 0.88912E+00
 0.18087E+01
 0.40656E+01
 0.51189E+01
-0.37232E+00
 0.54652E+00
 0.37367E+00
-0.44894E+00
-0.63165E+00
-0.51815E+00
-0.69724E+00
-0.10236E+01
-0.12887E+01
-0.12896E+01
-0.13881E+01
-0.20152E+01
-0.19110E+01
-0.47295E-01
 0.19589E+01
 0.25881E+01
 0.21657E+01
 0.10553E+01
 0.61846E-01
 0.23429E+00
 0.57111E+00
 0.25735E+00
 0.65879E+00
 0.14959E+01
 0.11200E+01
 0.68561E+00
 0.12606E+01
 0.11893E+01
 0.66100E+00
 0.18240E+01
 0.40661E+01
 0.51732E+01
-0.34293E+00
 0.38355E+00
 0.17032E+00
-0.41676E+00
-0.34430E+00
-0.43159E+00
-0.12402E+01
-0.21496E+01
-0.27971E+01
-0.28310E+01
-0.23215E+01
-0.20635E+01
-0.14881E+01
 0.22731E+00
 0.16756E+01
 0.20568E+01
 0.23027E+01
 0.19621E+01
 0.85581E+00
 0.71161E+00
 0.12521E+01
 0.10409E+01
 0.11382E+01
 0.17724E+01
 0.12379E+01
 0.28455E+00
 0.27747E+00
 0.18739E+00
 0.18381E+00
 0.17624E+01
 0.40423E+01
 0.51601E+01
-0.31275E+00
 0.24522E+00
 0.19862E-01
-0.36363E+00
-0.12819E+00
-0.52401E+00
-0.19752E+01
-0.31214E+01
-0.34524E+01
-0.30500E+01
-0.19814E+01
-0.96778E+00
 0.88219E-02
 0.12361E+01
 0.16270E+01
 0.14071E+01
 0.20979E+01
 0.24717E+01
 0.12621E+01
 0.48753E+00
 0.88892E+00
 0.10809E+01
 0.14564E+01
 0.20738E+01
 0.14642E+01
 0.27753E+00
-0.24937E+00
-0.64293E+00
-0.32288E+00
 0.16795E+01
 0.39974E+01
 0.50803E+01
-0.27763E+00
 0.15582E+00
-0.45413E-01
-0.28778E+00
 0.24067E-01
-0.59236E+00
-0.23848E+01
-0.33478E+01
-0.30214E+01
-0.22662E+01
-0.11506E+01
 0.12557E+00
 0.12060E+01
 0.18267E+01
 0.13726E+01
 0.74817E+00
 0.15598E+01
 0.23840E+01
 0.14524E+01
 0.31227E+00
 0.23350E+00
 0.61807E+00
 0.14524E+01
 0.21543E+01
 0.16005E+01
 0.58494E+00
-0.19365E+00
-0.10319E+01
-0.64301E+00
 0.16488E+01
 0.39355E+01
 0.49345E+01
-0.23466E+00
 0.12922E+00
-0.56892E-02
-0.14626E+00
 0.25102E+00
-0.29716E+00
-0.19577E+01
-0.24802E+01
-0.16990E+01
-0.11394E+01
-0.51913E+00
 0.67507E+00
 0.15321E+01
 0.13004E+01
 0.27799E+00
-0.19540E+00
 0.88431E+00
 0.22524E+01
 0.23061E+01
 0.14536E+01
 0.60773E+00
 0.40839E+00
 0.11979E+01
 0.17821E+01
 0.13031E+01
 0.77650E+00
 0.15661E+00
-0.96670E+00
-0.64162E+00
 0.17314E+01
 0.38586E+01
 0.47237E+01
-0.18263E+00
 0.16659E+00
 0.13314E+00
 0.81359E-01
 0.62842E+00
 0.42957E+00
-0.77741E+00
-0.87296E+00
 0.52069E-03
 0.17447E-01
-0.58888E-01
 0.79338E+00
 0.11245E+01
 0.63268E-01
-0.10530E+01
-0.92852E+00
 0.31035E+00
 0.17742E+01
 0.27437E+01
 0.26291E+01
 0.13435E+01
 0.35606E+00
 0.69236E+00
 0.91097E+00
 0.40762E+00
 0.45705E+00
 0.38033E+00
-0.61533E+00
-0.29687E+00
 0.19517E+01
 0.37627E+01
 0.44490E+01
-0.12216E+00
 0.25669E+00
 0.33246E+00
 0.33728E+00
 0.10286E+01
 0.12230E+01
 0.43994E+00
 0.53592E+00
 0.12806E+01
 0.86862E+00
 0.24168E+00
 0.53047E+00
 0.27971E+00
-0.97380E+00
-0.15203E+01
-0.82800E+00
 0.38846E-01
 0.80166E+00
 0.18411E+01
 0.22781E+01
 0.11531E+01
-0.10950E+00
-0.16278E+00
-0.30335E+00
-0.86057E+00
-0.36030E+00
 0.26265E+00
-0.17713E+00
 0.31242E+00
 0.22848E+01
 0.36361E+01
 0.41122E+01
-0.55647E-01
 0.37899E+00
 0.52871E+00
 0.49147E+00
 0.11730E+01
 0.15523E+01
 0.97407E+00
 0.10666E+01
 0.16605E+01
 0.11500E+01
 0.34601E+00
 0.13901E+00
-0.47210E+00
-0.13516E+01
-0.13045E+01
-0.65235E+00
-0.26028E+00
 0.14768E+00
 0.99121E+00
 0.14126E+01
 0.44250E+00
-0.86744E+00
-0.12184E+01
-0.14799E+01
-0.19143E+01
-0.11961E+01
-0.67689E-01
 0.22595E+00
 0.10439E+01
 0.26614E+01
 0.34597E+01
 0.37157E+01
 0.13020E-01
 0.50876E+00
 0.65574E+00
 0.41277E+00
 0.83462E+00
 0.11449E+01
 0.70031E+00
 0.88322E+00
 0.14167E+01
 0.97593E+00
 0.32329E+00
-0.74057E-01
-0.82388E+00
-0.12823E+01
-0.10994E+01
-0.10553E+01
-0.82352E+00
 0.15936E+00
 0.11132E+01
 0.11338E+01
 0.22642E-01
-0.14451E+01
-0.20994E+01
-0.21672E+01
-0.21716E+01
-0.14647E+01
-0.29721E+00
 0.55691E+00
 0.17330E+01
 0.29847E+01
 0.32104E+01
 0.32630E+01
 0.78924E-01
 0.62271E+00
 0.67150E+00
 0.55762E-01
 0.17390E-01
 0.17184E+00
 0.38716E-01
 0.58217E+00
 0.10772E+01
 0.55723E+00
 0.13616E+00
-0.16405E+00
-0.96185E+00
-0.11237E+01
-0.81512E+00
-0.12700E+01
-0.12358E+01
 0.11512E+00
 0.10295E+01
 0.73544E+00
-0.23955E+00
-0.16257E+01
-0.24642E+01
-0.21646E+01
-0.15445E+01
-0.97049E+00
-0.22097E+00
 0.80318E+00
 0.22281E+01
 0.31548E+01
 0.28658E+01
 0.27593E+01
 0.13663E+00
 0.70334E+00
 0.57519E+00
-0.49849E+00
-0.10259E+01
-0.91859E+00
-0.54754E+00
 0.45694E+00
 0.83418E+00
 0.71711E-01
-0.97348E-01
-0.72186E-01
-0.94992E+00
-0.11246E+01
-0.53965E+00
-0.97528E+00
-0.13046E+01
-0.37477E+00
 0.21824E+00
 0.58107E-01
-0.20952E+00
-0.11236E+01
-0.20698E+01
-0.16334E+01
-0.53595E+00
-0.61003E-01
 0.10391E+00
 0.92824E+00
 0.24188E+01
 0.30937E+01
 0.24098E+01
 0.22111E+01
 0.18073E+00
 0.74095E+00
 0.40540E+00
-0.10756E+01
-0.19394E+01
-0.17165E+01
-0.89091E+00
 0.39335E+00
 0.72551E+00
-0.39837E-01
 0.14646E+00
 0.55540E+00
-0.55503E+00
-0.13310E+01
-0.78679E+00
-0.81307E+00
-0.12192E+01
-0.81948E+00
-0.41348E+00
-0.14358E+00
 0.36568E+00
 0.15242E-01
-0.10399E+01
-0.94630E+00
 0.20092E+00
 0.71355E+00
 0.45973E+00
 0.88134E+00
 0.22558E+01
 0.27627E+01
 0.18369E+01
 0.16270E+01
 0.20627E+00
 0.73300E+00
 0.22074E+00
-0.14916E+01
-0.24554E+01
-0.20541E+01
-0.10631E+01
 0.24935E+00
 0.89694E+00
 0.62783E+00
 0.10369E+01
 0.15113E+01
 0.16043E+00
-0.13848E+01
-0.11948E+01
-0.70502E+00
-0.90985E+00
-0.99198E+00
-0.81847E+00
-0.36888E+00
 0.50610E+00
 0.76062E+00
-0.69102E-01
-0.46676E+00
 0.38043E+00
 0.10660E+01
 0.68076E+00
 0.64247E+00
 0.17598E+01
 0.21698E+01
 0.11551E+01
 0.10176E+01
 0.20922E+00
 0.68149E+00
 0.73530E-01
-0.16340E+01
-0.24999E+01
-0.19905E+01
-0.11397E+01
 0.72515E-01
 0.13539E+01
 0.17305E+01
 0.17842E+01
 0.18300E+01
 0.64433E+00
-0.10519E+01
-0.11364E+01
-0.28311E+00
-0.39385E+00
-0.11373E+01
-0.14475E+01
-0.12040E+01
-0.41277E+00
 0.43946E+00
 0.31045E+00
-0.28463E+00
 0.21111E+00
 0.11128E+01
 0.75720E+00
 0.25038E+00
 0.10151E+01
 0.13663E+01
 0.38576E+00
 0.39532E+00
 0.18671E+00
 0.59001E+00
-0.10251E-01
-0.14966E+01
-0.21659E+01
-0.16564E+01
-0.10491E+01
 0.37664E-01
 0.18143E+01
 0.24248E+01
 0.15661E+01
 0.97583E+00
 0.41254E+00
-0.81405E+00
-0.10290E+01
 0.55528E-01
 0.12195E+00
-0.10269E+01
-0.16254E+01
-0.15612E+01
-0.11180E+01
-0.66698E-01
 0.41812E+00
-0.14993E+00
 0.98138E-01
 0.11320E+01
 0.77026E+00
-0.20704E+00
 0.15024E+00
 0.43430E+00
-0.43830E+00
-0.22603E+00
 0.13731E+00
 0.46133E+00
-0.36397E-01
-0.11598E+01
-0.16104E+01
-0.11256E+01
-0.63609E+00
 0.25475E+00
 0.19260E+01
 0.22700E+01
 0.64155E+00
-0.32667E+00
-0.28975E+00
-0.10440E+01
-0.13023E+01
 0.11579E+00
 0.69274E+00
-0.43724E+00
-0.11205E+01
-0.10852E+01
-0.91866E+00
-0.13460E-01
 0.66545E+00
 0.13326E+00
 0.23318E+00
 0.12510E+01
 0.78041E+00
-0.61824E+00
-0.68662E+00
-0.52933E+00
-0.12766E+01
-0.83154E+00
 0.61127E-01
 0.29660E+00
-0.33265E-01
-0.73962E+00
-0.96894E+00
-0.42784E+00
 0.10719E+00
 0.53244E+00
 0.13219E+01
 0.12471E+01
-0.26644E+00
-0.10245E+01
-0.68776E+00
-0.12101E+01
-0.14599E+01
 0.14850E+00
 0.11201E+01
 0.19771E-01
-0.98103E+00
-0.11406E+01
-0.10033E+01
-0.57582E-01
 0.79213E+00
 0.42290E+00
 0.48567E+00
 0.13817E+01
 0.80322E+00
-0.86413E+00
-0.13541E+01
-0.14303E+01
-0.20854E+01
-0.14060E+01
-0.40019E-01
 0.95667E-01
-0.34946E-01
-0.33860E+00
-0.33556E+00
 0.35423E+00
 0.92054E+00
 0.44975E+00
-0.25252E+00
-0.64772E+00
-0.11913E+01
-0.12362E+01
-0.66604E+00
-0.84485E+00
-0.10745E+01
 0.11056E+00
 0.10121E+01
 0.12494E+00
-0.10638E+01
-0.15881E+01
-0.15298E+01
-0.46560E+00
 0.66435E+00
 0.63475E+00
 0.70622E+00
 0.14154E+01
 0.87203E+00
-0.83093E+00
-0.17437E+01
-0.21912E+01
-0.28214E+01
-0.19346E+01
-0.16257E+00
-0.14184E+00
-0.66250E-01
-0.17428E-01
 0.21734E+00
 0.10496E+01
 0.14802E+01
-0.49293E-01
-0.21942E+01
-0.27610E+01
-0.23668E+01
-0.19427E+01
-0.11325E+01
-0.46755E+00
-0.32081E+00
 0.22166E+00
 0.89285E+00
 0.60308E+00
-0.26837E+00
-0.98942E+00
-0.12254E+01
-0.43613E+00
 0.74987E+00
 0.10274E+01
 0.98049E+00
 0.13972E+01
 0.10708E+01
-0.44579E+00
-0.18068E+01
-0.27615E+01
-0.34457E+01
-0.24037E+01
-0.30115E+00
-0.41559E+00
-0.13652E+00
 0.20856E+00
 0.62704E+00
 0.14701E+01
 0.16846E+01
-0.31202E+00
-0.28297E+01
-0.32749E+01
-0.28380E+01
-0.30347E+01
-0.24172E+01
-0.69818E+00
 0.38136E+00
 0.85067E+00
 0.14415E+01
 0.14061E+01
 0.56621E+00
-0.23676E+00
-0.65499E+00
-0.27480E+00
 0.93564E+00
 0.16281E+01
 0.14006E+01
 0.14362E+01
 0.14546E+01
 0.26127E+00
-0.15767E+01
-0.31216E+01
-0.39259E+01
-0.28019E+01
-0.44865E+00
-0.72383E+00
-0.24414E+00
 0.35430E+00
 0.85180E+00
 0.14971E+01
 0.16003E+01
 0.25917E+00
-0.10869E+01
-0.97510E+00
-0.12464E+01
-0.28700E+01
-0.30914E+01
-0.11068E+01
 0.50756E+00
 0.12662E+01
 0.20518E+01
 0.17518E+01
 0.22713E+00
-0.85770E+00
-0.13586E+01
-0.12730E+01
 0.27969E+00
 0.18486E+01
 0.17153E+01
 0.14722E+01
 0.19234E+01
 0.11109E+01
-0.11703E+01
-0.32790E+01
-0.42372E+01
-0.31203E+01
-0.59627E+00
-0.10628E+01
-0.38782E+00
 0.43859E+00
 0.88451E+00
 0.11142E+01
 0.11800E+01
 0.11628E+01
 0.16772E+01
 0.25137E+01
 0.17823E+01
-0.63022E+00
-0.17267E+01
-0.72755E+00
 0.73662E-01
 0.71184E+00
 0.19922E+01
 0.18534E+01
-0.21351E-01
-0.12739E+01
-0.21030E+01
-0.27864E+01
-0.12362E+01
 0.12257E+01
 0.14834E+01
 0.12440E+01
 0.22059E+01
 0.18008E+01
-0.75784E+00
-0.32582E+01
-0.43635E+01
-0.33536E+01
-0.73377E+00
-0.14256E+01
-0.57714E+00
 0.45630E+00
 0.74536E+00
 0.40953E+00
 0.27788E+00
 0.11623E+01
 0.27431E+01
 0.39086E+01
 0.35688E+01
 0.18332E+01
 0.56730E+00
 0.38076E+00
-0.10277E-01
 0.17713E+00
 0.17908E+01
 0.22427E+01
 0.90334E+00
 0.15114E+00
-0.88911E+00
-0.28464E+01
-0.23502E+01
 0.83255E-01
 0.57464E+00
 0.55225E+00
 0.20165E+01
 0.20222E+01
-0.50272E+00
-0.30859E+01
-0.42974E+01
-0.35005E+01
-0.84988E+00
-0.17999E+01
-0.83395E+00
 0.36397E+00
 0.45397E+00
-0.43420E+00
-0.98461E+00
-0.14722E+00
 0.12061E+01
 0.21207E+01
 0.25006E+01
 0.19799E+01
 0.11759E+01
 0.97317E+00
 0.65018E+00
 0.67570E+00
 0.20533E+01
 0.26959E+01
 0.18583E+01
 0.16724E+01
 0.87626E+00
-0.17430E+01
-0.25068E+01
-0.94593E+00
-0.63145E+00
-0.47124E+00
 0.12677E+01
 0.16099E+01
-0.49236E+00
-0.27776E+01
-0.40407E+01
-0.35636E+01
-0.93290E+00
-0.21650E+01
-0.11801E+01
 0.94121E-01
 0.84141E-02
-0.12005E+01
-0.21007E+01
-0.17391E+01
-0.10103E+01
-0.45325E+00
 0.15862E+00
 0.80330E-01
-0.21537E+00
 0.53720E+00
 0.10714E+01
 0.99501E+00
 0.20663E+01
 0.31106E+01
 0.25749E+01
 0.20231E+01
 0.10832E+01
-0.12785E+01
-0.23168E+01
-0.14956E+01
-0.15208E+01
-0.14045E+01
 0.15019E+00
 0.63949E+00
-0.69399E+00
-0.23317E+01
-0.36052E+01
-0.35499E+01
-0.97149E+00
-0.24887E+01
-0.16142E+01
-0.39750E+00
-0.59499E+00
-0.17366E+01
-0.25874E+01
-0.24232E+01
-0.17836E+01
-0.12025E+01
-0.86513E+00
-0.11851E+01
-0.11316E+01
 0.11133E+00
 0.42984E+00
-0.40311E+00
 0.65107E+00
 0.30094E+01
 0.36188E+01
 0.26661E+01
 0.98084E+00
-0.11294E+01
-0.18569E+01
-0.13967E+01
-0.17170E+01
-0.18745E+01
-0.98051E+00
-0.58809E+00
-0.96010E+00
-0.17353E+01
-0.30143E+01
-0.34705E+01
-0.95571E+00
-0.27267E+01
-0.20869E+01
-0.10698E+01
-0.12963E+01
-0.19763E+01
-0.23724E+01
-0.21497E+01
-0.12978E+01
-0.52244E+00
-0.47093E+00
-0.74625E+00
-0.31400E+00
 0.30290E+00
-0.71052E+00
-0.23673E+01
-0.16677E+01
 0.10302E+01
 0.30242E+01
 0.32799E+01
 0.19219E+01
 0.29795E-02
-0.77139E+00
-0.83842E+00
-0.14303E+01
-0.18536E+01
-0.17902E+01
-0.16625E+01
-0.10866E+01
-0.98037E+00
-0.23033E+01
-0.33397E+01
-0.87816E+00
-0.28256E+01
-0.24899E+01
-0.17572E+01
-0.19115E+01
-0.18550E+01
-0.16400E+01
-0.15839E+01
-0.10129E+01
-0.41081E+00
-0.48639E+00
-0.16575E+00
 0.74670E+00
 0.37903E+00
-0.14033E+01
-0.25301E+01
-0.25077E+01
-0.20023E+01
-0.50791E+00
 0.14983E+01
 0.19687E+01
 0.96419E+00
 0.92633E-01
-0.60457E+00
-0.12745E+01
-0.15790E+01
-0.20706E+01
-0.22204E+01
-0.90113E+00
-0.84217E-01
-0.15200E+01
-0.31746E+01
-0.73518E+00
-0.27305E+01
-0.26696E+01
-0.21912E+01
-0.21560E+01
-0.12709E+01
-0.49162E+00
-0.91986E+00
-0.11537E+01
-0.99125E+00
-0.11081E+01
-0.23080E+00
 0.10887E+01
 0.17996E+00
-0.15484E+01
-0.12792E+01
-0.10712E+01
-0.26253E+01
-0.30173E+01
-0.12499E+01
 0.58722E-01
 0.14723E+00
-0.28500E+00
-0.11557E+01
-0.14963E+01
-0.11850E+01
-0.17458E+01
-0.20826E+01
-0.34524E+00
 0.89461E+00
-0.72244E+00
-0.29940E+01
-0.52787E+00
-0.23966E+01
-0.24666E+01
-0.20887E+01
-0.17747E+01
-0.21373E+00
 0.96894E+00
 0.11021E+00
-0.74029E+00
-0.64872E+00
-0.65590E+00
 0.17096E+00
 0.14753E+01
 0.45560E+00
-0.15689E+01
-0.11524E+01
 0.10634E+00
-0.29739E+00
-0.94557E+00
-0.95021E+00
-0.10540E+01
-0.90447E+00
-0.88300E+00
-0.16341E+01
-0.15460E+01
-0.54361E+00
-0.88558E+00
-0.13270E+01
 0.48715E+00
 0.18546E+01
 0.24986E-01
-0.28170E+01
-0.26276E+00
-0.18029E+01
-0.17713E+01
-0.12762E+01
-0.70725E+00
 0.10691E+01
 0.23140E+01
 0.13056E+01
 0.37142E+00
 0.85519E+00
 0.11014E+01
 0.12418E+01
 0.18245E+01
 0.89481E+00
-0.14833E+01
-0.22301E+01
-0.67866E+00
 0.12524E+01
 0.21822E+01
 0.15035E+01
 0.17037E+00
-0.94248E-01
-0.10416E+00
-0.92933E+00
-0.78942E+00
 0.42689E+00
 0.24471E+00
-0.26466E+00
 0.13739E+01
 0.26662E+01
 0.65757E+00
-0.26616E+01
 0.47962E-01
-0.96371E+00
-0.57416E+00
 0.21154E+00
 0.83396E+00
 0.21222E+01
 0.29186E+01
 0.19748E+01
 0.12211E+01
 0.19535E+01
 0.23803E+01
 0.17617E+01
 0.12213E+01
 0.48007E+00
-0.10561E+01
-0.20695E+01
-0.13878E+01
 0.28849E+00
 0.15126E+01
 0.15089E+01
 0.10584E+01
 0.12615E+01
 0.13362E+01
 0.58288E+00
 0.54232E+00
 0.14303E+01
 0.12257E+01
 0.68868E+00
 0.20446E+01
 0.32008E+01
 0.11176E+01
-0.25438E+01
 0.38692E+00
 0.66293E-01
 0.10093E+01
 0.21091E+01
 0.24314E+01
 0.25611E+01
 0.25357E+01
 0.19293E+01
 0.15166E+01
 0.20026E+01
 0.23241E+01
 0.14413E+01
 0.13244E+00
-0.56579E+00
-0.67845E+00
-0.44749E+00
-0.21231E+00
-0.53474E+00
-0.10919E+01
-0.96372E+00
-0.82807E-01
 0.99073E+00
 0.16577E+01
 0.16196E+01
 0.16013E+01
 0.19799E+01
 0.16997E+01
 0.11994E+01
 0.22822E+01
 0.33630E+01
 0.13614E+01
-0.24756E+01
 0.73269E+00
 0.11945E+01
 0.27509E+01
 0.39874E+01
 0.36251E+01
 0.23092E+01
 0.15600E+01
 0.17503E+01
 0.20142E+01
 0.19975E+01
 0.17850E+01
 0.87928E+00
-0.59112E+00
-0.14201E+01
-0.98210E+00
 0.34878E+00
 0.13787E+01
 0.68130E+00
-0.10616E+01
-0.16565E+01
-0.93434E+00
 0.79206E-02
 0.10562E+01
 0.18462E+01
 0.19418E+01
 0.18903E+01
 0.16020E+01
 0.11570E+01
 0.19997E+01
 0.31152E+01
 0.13649E+01
-0.24648E+01
 0.10615E+01
 0.23022E+01
 0.43583E+01
 0.53838E+01
 0.40738E+01
 0.15741E+01
 0.62069E+00
 0.18457E+01
 0.28205E+01
 0.22935E+01
 0.12980E+01
 0.10564E+00
-0.13064E+01
-0.19863E+01
-0.15450E+01
-0.13730E+00
 0.16962E+01
 0.22175E+01
 0.10479E+01
 0.12801E+00
 0.83838E-03
 0.53603E-01
 0.81380E+00
 0.17814E+01
 0.17349E+01
 0.13903E+01
 0.11593E+01
 0.68151E+00
 0.12613E+01
 0.24872E+01
 0.11269E+01
-0.25137E+01
 0.13495E+01
 0.32631E+01
 0.55444E+01
 0.59440E+01
 0.36478E+01
 0.63706E+00
 0.33637E-01
 0.18499E+01
 0.27913E+01
 0.17959E+01
 0.52592E+00
-0.77399E+00
-0.20955E+01
-0.22369E+01
-0.13807E+01
-0.25146E+00
 0.13040E+01
 0.22263E+01
 0.16640E+01
 0.95203E+00
 0.58607E+00
 0.17982E+00
 0.58007E+00
 0.13547E+01
 0.11283E+01
 0.75484E+00
 0.65201E+00
 0.14308E-01
 0.24738E+00
 0.15677E+01
 0.66860E+00
-0.26189E+01
 0.15750E+01
 0.39651E+01
 0.60972E+01
 0.55254E+01
 0.24486E+01
-0.31384E+00
-0.30101E+00
 0.12458E+01
 0.12088E+01
-0.62333E-01
-0.59067E+00
-0.12278E+01
-0.23276E+01
-0.20296E+01
-0.60915E+00
 0.44291E+00
 0.13340E+01
 0.16677E+01
 0.80269E+00
-0.89822E-01
-0.60733E+00
-0.11354E+01
-0.76610E+00
 0.10074E+00
 0.78470E-01
 0.46457E-01
 0.21573E+00
-0.60529E+00
-0.80840E+00
 0.48375E+00
 0.31378E-01
-0.27718E+01
 0.17208E+01
 0.43290E+01
 0.59282E+01
 0.42308E+01
 0.77294E+00
-0.11919E+01
-0.63215E+00
 0.11558E+00
-0.98773E+00
-0.20742E+01
-0.15205E+01
-0.14410E+01
-0.23253E+01
-0.17524E+01
-0.47468E-01
 0.10067E+01
 0.17822E+01
 0.20555E+01
 0.97830E+00
-0.45939E+00
-0.17000E+01
-0.27774E+01
-0.25311E+01
-0.14429E+01
-0.11178E+01
-0.70137E+00
-0.11856E+00
-0.98971E+00
-0.16791E+01
-0.62429E+00
-0.72815E+00
-0.29585E+01
 0.17758E+01
 0.43223E+01
 0.50893E+01
 0.23679E+01
-0.96543E+00
-0.19232E+01
-0.11061E+01
-0.10207E+01
-0.22463E+01
-0.25809E+01
-0.16143E+01
-0.17945E+01
-0.26341E+01
-0.15028E+01
 0.41889E+00
 0.12024E+01
 0.19674E+01
 0.27145E+01
 0.20897E+01
 0.66819E+00
-0.10458E+01
-0.27931E+01
-0.29576E+01
-0.19873E+01
-0.17553E+01
-0.12552E+01
-0.26736E+00
-0.99367E+00
-0.21874E+01
-0.16264E+01
-0.15438E+01
-0.31614E+01
 0.17360E+01
 0.39629E+01
 0.37541E+01
 0.35382E+00
-0.23453E+01
-0.23812E+01
-0.16700E+01
-0.17714E+01
-0.20213E+01
-0.12830E+01
-0.61494E+00
-0.17251E+01
-0.25959E+01
-0.79304E+00
 0.12714E+01
 0.15167E+01
 0.18673E+01
 0.27146E+01
 0.26123E+01
 0.19033E+01
 0.55620E+00
-0.14336E+01
-0.19652E+01
-0.12561E+01
-0.14875E+01
-0.13432E+01
-0.77831E-01
-0.52048E+00
-0.22333E+01
-0.24202E+01
-0.23459E+01
-0.33602E+01
