 0.80223E-02
 0.14035E-01
 0.12474E-01
 0.28304E-01
 0.51432E-01
 0.52659E-01
 0.39257E-01
 0.79746E-01
 0.21738E+00
 0.13238E+00
 0.44986E-01
 0.19603E-01
 0.26416E-01
 0.51446E-01
 0.55021E-01
 0.11289E+00
 0.10948E+00
 0.69441E-01
 0.52394E-01
 0.61557E-01
 0.43647E-01
 0.50406E-01
 0.16433E+00
 0.11472E+00
 0.42988E-01
 0.83834E-01
 0.70760E-01
 0.25332E-01
 0.57266E-01
 0.31110E-01
 0.87728E-02
 0.11923E-01
 0.80131E-02
 0.11647E-01
 0.13120E-01
 0.48489E-01
 0.53626E-01
 0.38925E-01
 0.33409E-01
 0.81123E-01
 0.13938E+00
 0.82257E-01
 0.47510E-01
 0.28458E-01
 0.98209E-02
 0.94101E-02
 0.11482E+00
 0.19032E+00
 0.66972E-01
 0.18655E-01
 0.82000E-02
 0.10332E-01
 0.10832E-01
 0.20648E-01
 0.14214E+00
 0.16209E+00
 0.54899E-01
 0.10321E+00
 0.90830E-01
 0.23603E-01
 0.56369E-01
 0.26079E-01
 0.88224E-02
 0.12135E-01
 0.80419E-02
 0.11167E-01
 0.15370E-01
 0.59007E-01
 0.46339E-01
 0.31914E-01
 0.50475E-01
 0.13385E+00
 0.92139E-01
 0.40709E-01
 0.19789E-01
 0.32582E-01
 0.18134E-01
 0.27218E-01
 0.17692E+00
 0.28319E+00
 0.52229E-01
 0.54574E-02
 0.64977E-02
 0.79704E-02
 0.43407E-02
 0.13375E-01
 0.12118E+00
 0.16071E+00
 0.73476E-01
 0.10719E+00
 0.84427E-01
 0.16187E-01
 0.48888E-01
 0.22046E-01
 0.79325E-02
 0.12359E-01
 0.87505E-02
 0.12509E-01
 0.21517E-01
 0.57036E-01
 0.70112E-01
 0.39884E-01
 0.79453E-01
 0.19910E+00
 0.72193E-01
 0.17471E-01
 0.16321E-01
 0.44468E-01
 0.30113E-01
 0.53593E-01
 0.18352E+00
 0.16480E+00
 0.12645E+00
 0.23564E-01
 0.11731E-01
 0.14873E-01
 0.49653E-02
 0.85900E-02
 0.83452E-01
 0.10698E+00
 0.66497E-01
 0.98661E-01
 0.60836E-01
 0.10344E-01
 0.37036E-01
 0.19516E-01
 0.67749E-02
 0.12570E-01
 0.93387E-02
 0.15401E-01
 0.32080E-01
 0.69090E-01
 0.55042E-01
 0.44217E-01
 0.78010E-01
 0.17053E+00
 0.61962E-01
 0.17226E-01
 0.17457E-01
 0.25571E-01
 0.16863E-01
 0.27517E-01
 0.97629E-01
 0.68266E-01
 0.11951E+00
 0.22123E+00
 0.15230E+00
 0.73044E-01
 0.25042E-01
 0.15423E-01
 0.79045E-01
 0.70098E-01
 0.52636E-01
 0.83691E-01
 0.40415E-01
 0.68941E-02
 0.28149E-01
 0.16864E-01
 0.57529E-02
 0.12767E-01
 0.10207E-01
 0.19464E-01
 0.40609E-01
 0.84166E-01
 0.33524E-01
 0.24598E-01
 0.39500E-01
 0.77128E-01
 0.44487E-01
 0.15994E-01
 0.16278E-01
 0.96629E-02
 0.20880E-01
 0.22422E-01
 0.46697E-01
 0.56484E-01
 0.23447E+00
 0.19531E+00
 0.76541E-01
 0.12753E+00
 0.16364E+00
 0.11746E+00
 0.15859E+00
 0.99020E-01
 0.63943E-01
 0.66414E-01
 0.37020E-01
 0.64086E-02
 0.25066E-01
 0.13873E-01
 0.51094E-02
 0.13054E-01
 0.11808E-01
 0.23855E-01
 0.44054E-01
 0.53302E-01
 0.20538E-01
 0.15841E-01
 0.19510E-01
 0.44836E-01
 0.44594E-01
 0.24526E-01
 0.12818E-01
 0.12102E-02
 0.16955E-01
 0.81744E-01
 0.73847E-01
 0.42906E-01
 0.27092E+00
 0.36189E+00
 0.71855E-01
 0.53074E-01
 0.15307E+00
 0.19810E+00
 0.17676E+00
 0.12828E+00
 0.79038E-01
 0.61301E-01
 0.40514E-01
 0.88635E-02
 0.28172E-01
 0.11873E-01
 0.52307E-02
 0.13513E-01
 0.13646E-01
 0.26542E-01
 0.45022E-01
 0.41470E-01
 0.16478E-01
 0.17853E-01
 0.23993E-01
 0.24798E-01
 0.58018E-01
 0.51334E-01
 0.74429E-02
 0.53503E-03
 0.47579E-01
 0.28563E+00
 0.16097E+00
 0.31241E-01
 0.51211E-01
 0.13392E+00
 0.79168E-01
 0.68850E-01
 0.82923E-01
 0.73379E-01
 0.10116E+00
 0.12246E+00
 0.76852E-01
 0.60208E-01
 0.41037E-01
 0.18549E-01
 0.35526E-01
 0.11524E-01
 0.60002E-02
 0.14185E-01
 0.14362E-01
 0.27187E-01
 0.36935E-01
 0.25530E-01
 0.18244E-01
 0.33675E-01
 0.31616E-01
 0.18161E-01
 0.39418E-01
 0.40845E-01
 0.88903E-02
 0.52615E-03
 0.18243E-01
 0.14444E+00
 0.18577E+00
 0.27847E-01
 0.96819E-02
 0.45259E-01
 0.37275E-01
 0.59101E-01
 0.83154E-01
 0.87692E-01
 0.98951E-01
 0.95764E-01
 0.64326E-01
 0.55949E-01
 0.44822E-01
 0.37227E-01
 0.45858E-01
 0.12543E-01
 0.72525E-02
 0.14972E-01
 0.14631E-01
 0.26773E-01
 0.24661E-01
 0.14674E-01
 0.24508E-01
 0.70496E-01
 0.33475E-01
 0.85413E-02
 0.10970E-01
 0.17495E-01
 0.10939E-01
 0.42420E-02
 0.70481E-03
 0.34408E-01
 0.93826E-01
 0.12306E+00
 0.80360E-01
 0.10328E+00
 0.11484E+00
 0.10200E+00
 0.86256E-01
 0.13035E+00
 0.16156E+00
 0.11092E+00
 0.64378E-01
 0.58214E-01
 0.45419E-01
 0.46939E-01
 0.53239E-01
 0.14839E-01
 0.83452E-02
 0.15905E-01
 0.14443E-01
 0.25496E-01
 0.18589E-01
 0.89724E-02
 0.29350E-01
 0.85988E-01
 0.20746E-01
 0.21918E-02
 0.43704E-02
 0.14526E-01
 0.21265E-01
 0.12554E-01
 0.17257E-02
 0.26851E-01
 0.63665E-01
 0.46025E+00
 0.48287E+00
 0.25438E+00
 0.17232E+00
 0.76468E-01
 0.57153E-01
 0.99111E-01
 0.17901E+00
 0.12801E+00
 0.77435E-01
 0.76180E-01
 0.46646E-01
 0.39355E-01
 0.52708E-01
 0.17217E-01
 0.92616E-02
 0.17082E-01
 0.14096E-01
 0.22730E-01
 0.15688E-01
 0.11433E-01
 0.30849E-01
 0.48250E-01
 0.10230E-01
 0.18344E-02
 0.70243E-02
 0.18794E-01
 0.35493E-01
 0.26078E-01
 0.25498E-01
 0.67787E-01
 0.16104E+00
 0.53100E+00
 0.27122E+00
 0.81645E-01
 0.10742E+00
 0.65091E-01
 0.44469E-01
 0.70862E-01
 0.14822E+00
 0.12548E+00
 0.97651E-01
 0.89748E-01
 0.47603E-01
 0.23118E-01
 0.44346E-01
 0.18521E-01
 0.10189E-01
 0.18404E-01
 0.13726E-01
 0.21384E-01
 0.14802E-01
 0.13106E-01
 0.26227E-01
 0.20479E-01
 0.54562E-02
 0.48803E-02
 0.23202E-01
 0.28838E-01
 0.15254E-01
 0.55274E-02
 0.18673E-01
 0.13690E+00
 0.27071E+00
 0.21176E+00
 0.15188E+00
 0.79453E-01
 0.83854E-01
 0.10048E+00
 0.95170E-01
 0.98148E-01
 0.13789E+00
 0.11824E+00
 0.83019E-01
 0.87936E-01
 0.44042E-01
 0.17279E-01
 0.36741E-01
 0.16770E-01
 0.11248E-01
 0.19719E-01
 0.14882E-01
 0.20088E-01
 0.15674E-01
 0.16894E-01
 0.19301E-01
 0.13132E-01
 0.62404E-02
 0.99215E-02
 0.39508E-01
 0.35130E-01
 0.11127E-01
 0.31178E-02
 0.15217E-01
 0.21498E+00
 0.21745E+00
 0.42268E-01
 0.33628E+00
 0.38992E+00
 0.76246E-01
 0.79648E-01
 0.13002E+00
 0.12459E+00
 0.16749E+00
 0.13943E+00
 0.75640E-01
 0.70032E-01
 0.38396E-01
 0.18316E-01
 0.36804E-01
 0.15356E-01
 0.12640E-01
 0.20917E-01
 0.16518E-01
 0.18125E-01
 0.15582E-01
 0.19351E-01
 0.16319E-01
 0.88564E-02
 0.66956E-02
 0.75497E-02
 0.31789E-01
 0.61846E-01
 0.30070E-01
 0.42452E-02
 0.23001E-01
 0.39225E+00
 0.40723E+00
 0.32446E-01
 0.48476E+00
 0.59995E+00
 0.51201E-01
 0.40150E-01
 0.79586E-01
 0.76951E-01
 0.15250E+00
 0.18810E+00
 0.65654E-01
 0.56574E-01
 0.40445E-01
 0.25862E-01
 0.42298E-01
 0.13852E-01
 0.14316E-01
 0.21961E-01
 0.17096E-01
 0.16641E-01
 0.15192E-01
 0.21726E-01
 0.12120E-01
 0.10654E-01
 0.13575E-01
 0.26300E-02
 0.11858E-01
 0.95908E-01
 0.10250E+00
 0.43278E-02
 0.32383E-02
 0.32704E+00
 0.58843E+00
 0.57035E-01
 0.25865E+00
 0.38666E+00
 0.49548E-01
 0.39945E-01
 0.87626E-01
 0.58788E-01
 0.11564E+00
 0.20198E+00
 0.65944E-01
 0.54337E-01
 0.49955E-01
 0.46347E-01
 0.52119E-01
 0.12570E-01
 0.16048E-01
 0.22865E-01
 0.17483E-01
 0.20451E-01
 0.14932E-01
 0.24361E-01
 0.11124E-01
 0.13958E-01
 0.22902E-01
 0.78745E-03
 0.47457E-02
 0.93926E-01
 0.10390E+00
 0.45331E-02
 0.31810E-02
 0.13436E+00
 0.56088E+00
 0.67215E-01
 0.21514E+00
 0.37567E+00
 0.81378E-01
 0.78739E-01
 0.11262E+00
 0.58265E-01
 0.10091E+00
 0.17970E+00
 0.58621E-01
 0.55769E-01
 0.64004E-01
 0.74123E-01
 0.56328E-01
 0.11438E-01
 0.17326E-01
 0.23696E-01
 0.18270E-01
 0.20369E-01
 0.12622E-01
 0.25952E-01
 0.66096E-02
 0.11468E-01
 0.40358E-01
 0.27747E-02
 0.59384E-02
 0.89094E-01
 0.17322E+00
 0.25459E-01
 0.33704E-04
 0.23845E+00
 0.54580E+00
 0.32108E-01
 0.23946E+00
 0.31349E+00
 0.69278E-01
 0.50033E-01
 0.82603E-01
 0.39598E-01
 0.10887E+00
 0.16060E+00
 0.54065E-01
 0.58095E-01
 0.67883E-01
 0.84316E-01
 0.59743E-01
 0.98710E-02
 0.17580E-01
 0.24490E-01
 0.19220E-01
 0.17980E-01
 0.10608E-01
 0.25610E-01
 0.76326E-02
 0.87688E-02
 0.65170E-01
 0.19564E-01
 0.11091E-01
 0.18347E+00
 0.19797E+00
 0.36667E-01
 0.19350E-01
 0.35632E+00
 0.53066E+00
 0.14978E-01
 0.15980E+00
 0.18678E+00
 0.46823E-01
 0.46440E-01
 0.64904E-01
 0.44326E-01
 0.14213E+00
 0.13977E+00
 0.46916E-01
 0.64464E-01
 0.61323E-01
 0.79346E-01
 0.63100E-01
 0.78798E-02
 0.16903E-01
 0.25232E-01
 0.20618E-01
 0.14206E-01
 0.77388E-02
 0.25704E-01
 0.93689E-02
 0.69543E-02
 0.11924E+00
 0.12135E+00
 0.43170E-01
 0.14818E+00
 0.30164E+00
 0.83145E-01
 0.45014E-01
 0.32983E+00
 0.36435E+00
 0.40712E-01
 0.13700E+00
 0.15547E+00
 0.64445E-01
 0.43267E-01
 0.53174E-01
 0.60110E-01
 0.14099E+00
 0.10786E+00
 0.44510E-01
 0.70534E-01
 0.48165E-01
 0.63499E-01
 0.62620E-01
 0.59688E-02
 0.16004E-01
 0.25983E-01
 0.22717E-01
 0.10311E-01
 0.63037E-02
 0.22600E-01
 0.12792E-01
 0.68604E-02
 0.69897E-01
 0.18101E+00
 0.81304E-01
 0.83333E-01
 0.16211E+00
 0.16544E+00
 0.12625E+00
 0.19970E+00
 0.25742E+00
 0.23840E+00
 0.15841E+00
 0.68093E-01
 0.14197E+00
 0.14115E+00
 0.69626E-01
 0.50006E-01
 0.11079E+00
 0.79108E-01
 0.57490E-01
 0.88992E-01
 0.33573E-01
 0.45027E-01
 0.58091E-01
 0.47251E-02
 0.15648E-01
 0.26689E-01
 0.25151E-01
 0.89325E-02
 0.54055E-02
 0.16112E-01
 0.17956E-01
 0.11569E-01
 0.26533E-01
 0.10955E+00
 0.15068E+00
 0.10505E+00
 0.14956E+00
 0.19803E+00
 0.20018E+00
 0.18531E+00
 0.41534E+00
 0.54201E+00
 0.20736E+00
 0.60036E-01
 0.82228E-01
 0.12151E+00
 0.42524E-01
 0.45569E-01
 0.11228E+00
 0.64817E-01
 0.58321E-01
 0.70325E-01
 0.25911E-01
 0.32656E-01
 0.51974E-01
 0.46139E-02
 0.16268E-01
 0.27317E-01
 0.27078E-01
 0.95406E-02
 0.42273E-02
 0.10963E-01
 0.33929E-01
 0.35461E-01
 0.49982E-01
 0.92648E-01
 0.23278E+00
 0.16928E+00
 0.13396E+00
 0.22887E+00
 0.38352E+00
 0.46007E+00
 0.28960E+00
 0.33580E+00
 0.18023E+00
 0.98522E-01
 0.87109E-01
 0.76598E-01
 0.70074E-01
 0.85516E-01
 0.16463E+00
 0.72378E-01
 0.59634E-01
 0.60796E-01
 0.21327E-01
 0.29617E-01
 0.46930E-01
 0.56914E-02
 0.17979E-01
 0.27747E-01
 0.28773E-01
 0.12461E-01
 0.34164E-02
 0.95531E-02
 0.64716E-01
 0.12150E+00
 0.13240E+00
 0.10142E+00
 0.11718E+00
 0.15512E+00
 0.13264E+00
 0.80230E-01
 0.21240E+00
 0.50651E+00
 0.33673E+00
 0.11204E+00
 0.91180E-01
 0.87411E-01
 0.77844E-01
 0.83011E-01
 0.83953E-01
 0.67858E-01
 0.13614E+00
 0.87748E-01
 0.65683E-01
 0.65069E-01
 0.22795E-01
 0.34541E-01
 0.43355E-01
 0.95008E-02
 0.20373E-01
 0.27845E-01
 0.30779E-01
 0.16609E-01
 0.39369E-02
 0.89115E-02
 0.87688E-01
 0.12527E+00
 0.11919E+00
 0.78641E-01
 0.76355E-01
 0.10035E+00
 0.85065E-01
 0.50754E-01
 0.14160E+00
 0.50479E+00
 0.44762E+00
 0.19127E+00
 0.82531E-01
 0.47345E-01
 0.23228E-01
 0.34450E-01
 0.35129E-01
 0.31964E-01
 0.77442E-01
 0.91560E-01
 0.69814E-01
 0.70439E-01
 0.32566E-01
 0.45045E-01
 0.47179E-01
 0.14421E-01
 0.22249E-01
 0.27478E-01
 0.32684E-01
 0.21739E-01
 0.68047E-02
 0.13794E-01
 0.77866E-01
 0.70234E-01
 0.78495E-01
 0.68601E-01
 0.64489E-01
 0.96294E-01
 0.12064E+00
 0.12639E+00
 0.24106E+00
 0.52451E+00
 0.43067E+00
 0.24844E+00
 0.13343E+00
 0.32740E-01
 0.15037E-01
 0.13110E-01
 0.23897E-01
 0.38705E-01
 0.65174E-01
 0.97948E-01
 0.78334E-01
 0.74013E-01
 0.36639E-01
 0.52878E-01
 0.60818E-01
 0.19557E-01
 0.23280E-01
 0.26693E-01
 0.34612E-01
 0.28642E-01
 0.12032E-01
 0.27513E-01
 0.63702E-01
 0.37854E-01
 0.50721E-01
 0.72031E-01
 0.74100E-01
 0.96615E-01
 0.14097E+00
 0.17223E+00
 0.35232E+00
 0.62159E+00
 0.39700E+00
 0.21252E+00
 0.17116E+00
 0.61681E-01
 0.43603E-01
 0.35767E-01
 0.58872E-01
 0.78073E-01
 0.11001E+00
 0.12184E+00
 0.76160E-01
 0.59606E-01
 0.32317E-01
 0.55937E-01
 0.73193E-01
 0.26622E-01
 0.23131E-01
 0.25658E-01
 0.35871E-01
 0.34386E-01
 0.17439E-01
 0.56824E-01
 0.68356E-01
 0.30189E-01
 0.40410E-01
 0.76049E-01
 0.86347E-01
 0.11573E+00
 0.13367E+00
 0.14850E+00
 0.36856E+00
 0.64937E+00
 0.50754E+00
 0.29806E+00
 0.21143E+00
 0.77114E-01
 0.76388E-01
 0.98042E-01
 0.70826E-01
 0.82165E-01
 0.17113E+00
 0.13446E+00
 0.71879E-01
 0.52473E-01
 0.30008E-01
 0.44899E-01
 0.78077E-01
 0.36280E-01
 0.21349E-01
 0.24626E-01
 0.36693E-01
 0.39363E-01
 0.19703E-01
 0.84554E-01
 0.96540E-01
 0.40933E-01
 0.37471E-01
 0.97749E-01
 0.13222E+00
 0.15659E+00
 0.20464E+00
 0.23265E+00
 0.24921E+00
 0.31560E+00
 0.39932E+00
 0.46647E+00
 0.40317E+00
 0.14607E+00
 0.88636E-01
 0.86887E-01
 0.64821E-01
 0.79839E-01
 0.15523E+00
 0.11483E+00
 0.76977E-01
 0.57922E-01
 0.29180E-01
 0.32180E-01
 0.74467E-01
 0.40259E-01
 0.18607E-01
 0.23616E-01
 0.36141E-01
 0.41917E-01
 0.19237E-01
 0.80442E-01
 0.12855E+00
 0.59943E-01
 0.53717E-01
 0.10757E+00
 0.16343E+00
 0.13895E+00
 0.19675E+00
 0.26543E+00
 0.13591E+00
 0.87506E-01
 0.19910E+00
 0.46359E+00
 0.47777E+00
 0.23337E+00
 0.10946E+00
 0.78406E-01
 0.70162E-01
 0.10588E+00
 0.18454E+00
 0.12483E+00
 0.89094E-01
 0.80724E-01
 0.31286E-01
 0.27324E-01
 0.67516E-01
 0.35414E-01
 0.16125E-01
 0.22519E-01
 0.34711E-01
 0.39943E-01
 0.16043E-01
 0.57125E-01
 0.10985E+00
 0.71602E-01
 0.55344E-01
 0.11268E+00
 0.16379E+00
 0.12541E+00
 0.13607E+00
 0.18506E+00
 0.13153E+00
 0.10622E+00
 0.27148E+00
 0.38284E+00
 0.30619E+00
 0.28534E+00
 0.16727E+00
 0.80527E-01
 0.91646E-01
 0.15880E+00
 0.21807E+00
 0.11242E+00
 0.11190E+00
 0.10384E+00
 0.39168E-01
 0.33714E-01
 0.59258E-01
 0.29226E-01
 0.14494E-01
 0.21363E-01
 0.32581E-01
 0.35880E-01
 0.11542E-01
 0.29487E-01
 0.69182E-01
 0.72063E-01
 0.56598E-01
 0.10906E+00
 0.17823E+00
 0.16244E+00
 0.15770E+00
 0.12356E+00
 0.95005E-01
 0.16128E+00
 0.33879E+00
 0.32931E+00
 0.32777E+00
 0.36245E+00
 0.26554E+00
 0.13784E+00
 0.86142E-01
 0.14859E+00
 0.18404E+00
 0.10741E+00
 0.11332E+00
 0.11195E+00
 0.47161E-01
 0.44889E-01
 0.50452E-01
 0.22209E-01
 0.12650E-01
 0.20198E-01
 0.29585E-01
 0.30012E-01
 0.94955E-02
 0.16571E-01
 0.35578E-01
 0.49921E-01
 0.47687E-01
 0.10648E+00
 0.14846E+00
 0.16533E+00
 0.19196E+00
 0.10622E+00
 0.49822E-01
 0.12716E+00
 0.19270E+00
 0.17672E+00
 0.43695E+00
 0.47026E+00
 0.22773E+00
 0.10874E+00
 0.84577E-01
 0.11836E+00
 0.16987E+00
 0.13827E+00
 0.10316E+00
 0.84520E-01
 0.57775E-01
 0.54465E-01
 0.41494E-01
 0.15774E-01
 0.10680E-01
 0.19099E-01
 0.25830E-01
 0.24547E-01
 0.97801E-02
 0.14679E-01
 0.25449E-01
 0.35986E-01
 0.44677E-01
 0.10537E+00
 0.98285E-01
 0.10940E+00
 0.15370E+00
 0.10420E+00
 0.54571E-01
 0.19708E+00
 0.20204E+00
 0.80425E-01
 0.35221E+00
 0.43395E+00
 0.16189E+00
 0.13432E+00
 0.16360E+00
 0.16133E+00
 0.19678E+00
 0.15824E+00
 0.82176E-01
 0.54513E-01
 0.63967E-01
 0.58412E-01
 0.33958E-01
 0.12063E-01
 0.90151E-02
 0.18111E-01
 0.21815E-01
 0.20647E-01
 0.11000E-01
 0.15419E-01
 0.25877E-01
 0.33319E-01
 0.58329E-01
 0.12024E+00
 0.83918E-01
 0.72289E-01
 0.13672E+00
 0.12156E+00
 0.53378E-01
 0.26607E+00
 0.33069E+00
 0.92617E-01
 0.24173E+00
 0.40112E+00
 0.18938E+00
 0.18714E+00
 0.19101E+00
 0.13163E+00
 0.16197E+00
 0.14730E+00
 0.71369E-01
 0.39507E-01
 0.58235E-01
 0.61655E-01
 0.28435E-01
 0.10119E-01
 0.77738E-02
 0.17227E-01
 0.18306E-01
 0.18300E-01
 0.11093E-01
 0.18307E-01
 0.36397E-01
 0.34071E-01
 0.73945E-01
 0.13564E+00
 0.10045E+00
 0.81954E-01
 0.19018E+00
 0.14948E+00
 0.39621E-01
 0.12759E+00
 0.27267E+00
 0.10653E+00
 0.23304E+00
 0.44354E+00
 0.26465E+00
 0.17905E+00
 0.14405E+00
 0.86669E-01
 0.84593E-01
 0.11673E+00
 0.88003E-01
 0.41756E-01
 0.51159E-01
 0.57266E-01
 0.26605E-01
 0.91972E-02
 0.68147E-02
 0.16570E-01
 0.15079E-01
 0.15693E-01
 0.10453E-01
 0.27684E-01
 0.65285E-01
 0.41987E-01
 0.54659E-01
 0.11867E+00
 0.14232E+00
 0.10185E+00
 0.22227E+00
 0.21402E+00
 0.30510E-01
 0.72548E-01
 0.22164E+00
 0.99509E-01
 0.13401E+00
 0.33098E+00
 0.28060E+00
 0.17792E+00
 0.16504E+00
 0.10905E+00
 0.69292E-01
 0.10543E+00
 0.10959E+00
 0.58820E-01
 0.52317E-01
 0.53424E-01
 0.28616E-01
 0.86730E-02
 0.62745E-02
 0.16248E-01
 0.12506E-01
 0.12719E-01
 0.10480E-01
 0.41489E-01
 0.83011E-01
 0.48432E-01
 0.32878E-01
 0.75359E-01
 0.15888E+00
 0.94036E-01
 0.13072E+00
 0.16329E+00
 0.83492E-01
 0.94496E-01
 0.23081E+00
 0.95249E-01
 0.60047E-01
 0.16914E+00
 0.31147E+00
 0.27466E+00
 0.28183E+00
 0.21066E+00
 0.10923E+00
 0.11125E+00
 0.12555E+00
 0.82410E-01
 0.49752E-01
 0.53092E-01
 0.34332E-01
 0.87854E-02
 0.57283E-02
 0.16392E-01
 0.10455E-01
 0.10277E-01
 0.10779E-01
 0.45793E-01
 0.85093E-01
 0.51380E-01
 0.31890E-01
 0.67638E-01
 0.18979E+00
 0.10409E+00
 0.69593E-01
 0.10617E+00
 0.13171E+00
 0.12312E+00
 0.15007E+00
 0.93595E-01
 0.37543E-01
 0.13729E+00
 0.30946E+00
 0.25301E+00
 0.21423E+00
 0.20912E+00
 0.10590E+00
 0.92734E-01
 0.10808E+00
 0.80602E-01
 0.44990E-01
 0.55808E-01
 0.44070E-01
 0.11266E-01
 0.65229E-02
 0.16393E-01
 0.87766E-02
 0.85237E-02
 0.10311E-01
 0.33036E-01
 0.91308E-01
 0.60481E-01
 0.57450E-01
 0.62633E-01
 0.16118E+00
 0.11969E+00
 0.70305E-01
 0.83482E-01
 0.97343E-01
 0.59989E-01
 0.10668E+00
 0.13857E+00
 0.39135E-01
 0.53851E-01
 0.18850E+00
 0.17221E+00
 0.11783E+00
 0.13979E+00
 0.75400E-01
 0.77000E-01
 0.86026E-01
 0.64595E-01
 0.37419E-01
 0.53635E-01
 0.54603E-01
 0.17221E-01
 0.87029E-02
 0.16452E-01
 0.73815E-02
 0.79352E-02
 0.95191E-02
 0.18544E-01
 0.98492E-01
 0.10593E+00
 0.10003E+00
 0.57778E-01
 0.70454E-01
 0.81839E-01
 0.65667E-01
 0.77005E-01
 0.78960E-01
 0.35253E-01
 0.73359E-01
 0.17624E+00
 0.25841E-01
 0.32188E-01
 0.10341E+00
 0.23161E+00
 0.22613E+00
 0.22332E+00
 0.10920E+00
 0.87073E-01
 0.10625E+00
 0.68329E-01
 0.37832E-01
 0.48339E-01
 0.63841E-01
 0.28820E-01
 0.12251E-01
 0.16360E-01
 0.66733E-02
 0.77234E-02
 0.92748E-02
 0.19638E-01
 0.68232E-01
 0.21951E+00
 0.14914E+00
 0.47401E-01
 0.29775E-01
 0.36824E-01
 0.41335E-01
 0.72506E-01
 0.10423E+00
 0.70497E-01
 0.34094E-01
 0.77487E-01
 0.29019E-01
 0.29125E-01
 0.11619E+00
 0.23618E+00
 0.25861E+00
 0.25419E+00
 0.13513E+00
 0.11309E+00
 0.12952E+00
 0.82223E-01
 0.48913E-01
 0.45156E-01
 0.66910E-01
 0.41204E-01
 0.16660E-01
 0.15943E-01
 0.59448E-02
 0.73072E-02
 0.10824E-01
 0.14972E-01
 0.51317E-01
 0.16587E+00
 0.18054E+00
 0.47403E-01
 0.37108E-01
 0.25031E-01
 0.24498E-01
 0.35584E-01
 0.13886E+00
 0.16902E+00
 0.21170E-01
 0.38003E-01
 0.58299E-01
 0.50020E-01
 0.51768E-01
 0.68814E-01
 0.83474E-01
 0.11753E+00
 0.97478E-01
 0.84345E-01
 0.95158E-01
 0.85966E-01
 0.60683E-01
 0.44771E-01
 0.63433E-01
 0.48149E-01
 0.21254E-01
 0.16073E-01
 0.54441E-02
 0.68938E-02
 0.12743E-01
 0.14468E-01
 0.38179E-01
 0.79712E-01
 0.11495E+00
 0.93977E-01
 0.62984E-01
 0.29631E-01
 0.14868E-01
 0.16306E-01
 0.75082E-01
 0.30536E+00
 0.12945E+00
 0.83574E-01
 0.62468E-01
 0.66760E-01
 0.44451E-01
 0.40962E-01
 0.11146E+00
 0.14125E+00
 0.12697E+00
 0.58394E-01
 0.52308E-01
 0.82963E-01
 0.69634E-01
 0.39697E-01
 0.55612E-01
 0.49589E-01
 0.25576E-01
 0.16287E-01
 0.50951E-02
 0.65438E-02
 0.15703E-01
 0.18591E-01
 0.26809E-01
 0.41552E-01
 0.61103E-01
 0.17043E+00
 0.15351E+00
 0.34784E-01
 0.12561E-01
 0.64191E-02
 0.28404E-01
 0.15699E+00
 0.15583E+00
 0.15677E+00
 0.43206E-01
 0.45397E-01
 0.59392E-01
 0.11439E+00
 0.22839E+00
 0.22394E+00
 0.29283E+00
 0.10253E+00
 0.45473E-01
 0.83146E-01
 0.73244E-01
 0.29469E-01
 0.46897E-01
 0.50134E-01
 0.29016E-01
 0.16534E-01
 0.49990E-02
 0.67801E-02
 0.19660E-01
 0.25871E-01
 0.24933E-01
 0.30384E-01
 0.39772E-01
 0.11137E+00
 0.25221E+00
 0.11665E+00
 0.40276E-01
 0.37955E-01
 0.38232E-01
 0.59372E-01
 0.28278E-01
 0.77037E-01
 0.72484E-01
 0.36579E-01
 0.62815E-01
 0.78465E-01
 0.65888E-01
 0.86903E-01
 0.30051E+00
 0.17638E+00
 0.58322E-01
 0.92666E-01
 0.75490E-01
 0.21142E-01
 0.40626E-01
 0.50553E-01
 0.31101E-01
 0.16716E-01
 0.53743E-02
 0.77753E-02
 0.21439E-01
 0.36183E-01
 0.34644E-01
 0.21462E-01
 0.27813E-01
 0.55353E-01
 0.97383E-01
 0.10928E+00
 0.13510E+00
 0.21858E+00
 0.32481E+00
 0.11373E+00
 0.16995E-01
 0.61501E-01
 0.11413E+00
 0.36140E-01
 0.53305E-01
 0.38995E-01
 0.12605E-01
 0.24860E-01
 0.16625E+00
 0.15746E+00
 0.57358E-01
 0.12329E+00
 0.77530E-01
 0.15245E-01
 0.37034E-01
 0.53060E-01
 0.31435E-01
 0.16809E-01
 0.62611E-02
 0.93994E-02
 0.24992E-01
 0.59816E-01
 0.51178E-01
 0.21063E-01
 0.20712E-01
 0.30300E-01
 0.37151E-01
 0.39274E-01
 0.68227E-01
 0.18833E+00
 0.43497E+00
 0.36948E+00
 0.63317E-01
 0.60904E-01
 0.53135E-01
 0.26985E-01
 0.66976E-01
 0.90798E-01
 0.55901E-01
 0.50546E-01
 0.16229E+00
 0.98503E-01
 0.48797E-01
 0.14940E+00
 0.84128E-01
 0.13641E-01
 0.34023E-01
 0.57008E-01
 0.29617E-01
 0.16718E-01
 0.75445E-02
 0.15290E-01
 0.23378E-01
 0.60145E-01
 0.76874E-01
 0.29080E-01
 0.17122E-01
 0.30172E-01
 0.47366E-01
 0.38065E-01
 0.26496E-01
 0.37418E-01
 0.14471E+00
 0.44300E+00
 0.81984E-01
 0.36454E-01
 0.39398E-01
 0.24584E-01
 0.36604E-01
 0.57860E-01
 0.78713E-01
 0.12303E+00
 0.23155E+00
 0.92271E-01
 0.48339E-01
 0.15348E+00
 0.83664E-01
 0.17063E-01
 0.41304E-01
 0.58704E-01
 0.25668E-01
 0.16488E-01
 0.88917E-02
 0.18652E-01
 0.17236E-01
 0.27371E-01
 0.62093E-01
 0.43288E-01
 0.14991E-01
 0.29116E-01
 0.84829E-01
 0.10163E+00
 0.52587E-01
 0.26688E-01
 0.15866E+00
 0.40604E+00
 0.21872E-01
 0.85492E-01
 0.42740E-01
 0.82952E-02
 0.43604E-02
 0.44206E-02
 0.75491E-02
 0.27691E-01
 0.13926E+00
 0.11364E+00
 0.78034E-01
 0.13797E+00
 0.67509E-01
 0.23395E-01
 0.58510E-01
 0.53870E-01
 0.20370E-01
 0.16213E-01
 0.10280E-01
 0.22102E-01
 0.13940E-01
 0.16408E-01
 0.39891E-01
 0.61046E-01
 0.23321E-01
 0.24711E-01
 0.97711E-01
 0.19743E+00
 0.17934E+00
 0.13720E+00
 0.37247E+00
 0.16899E+00
 0.33220E-01
 0.24986E-01
 0.17323E+00
 0.26968E-01
 0.43096E-02
 0.26085E-02
 0.33667E-02
 0.93712E-02
 0.76282E-01
 0.12170E+00
 0.10274E+00
 0.10652E+00
 0.50314E-01
 0.32775E-01
 0.78449E-01
 0.41199E-01
 0.14428E-01
 0.15871E-01
 0.11597E-01
 0.16583E-01
 0.10919E-01
 0.65940E-02
 0.20220E-01
 0.11460E+00
 0.10026E+00
 0.70647E-01
 0.14049E+00
 0.14950E+00
 0.11846E+00
 0.17810E+00
 0.17326E+00
 0.10323E+00
 0.13964E+00
 0.16828E+00
 0.13204E-01
 0.57108E-02
 0.10991E-01
 0.14536E-01
 0.12256E-01
 0.11852E-01
 0.56962E-01
 0.13617E+00
 0.20247E+00
 0.81889E-01
 0.41597E-01
 0.40554E-01
 0.87215E-01
 0.25677E-01
 0.10589E-01
 0.15555E-01
 0.12692E-01
 0.21900E-01
 0.10750E-01
 0.28943E-02
 0.11293E-01
 0.14566E+00
 0.17089E+00
 0.13530E+00
 0.11463E+00
 0.11642E+00
 0.91084E-01
 0.15337E+00
 0.75755E-01
 0.97448E-01
 0.60739E+00
 0.18352E+00
 0.19826E-02
 0.19294E-02
 0.15822E+00
 0.26460E+00
 0.82154E-01
 0.48566E-01
 0.10776E+00
 0.11826E+00
 0.15749E+00
 0.77811E-01
 0.35671E-01
 0.45257E-01
 0.78876E-01
 0.14533E-01
 0.66550E-02
 0.15224E-01
 0.13109E-01
 0.27530E-01
 0.14116E-01
 0.37264E-02
 0.13772E-01
 0.11681E+00
 0.20579E+00
 0.11887E+00
 0.16801E+00
 0.15610E+00
 0.15938E+00
 0.40050E+00
 0.18145E+00
 0.38747E-01
 0.30483E+00
 0.25551E+00
 0.47019E-02
 0.23715E-02
 0.14715E+00
 0.26235E+00
 0.14938E+00
 0.96786E-01
 0.87009E-01
 0.88976E-01
 0.11454E+00
 0.64649E-01
 0.33455E-01
 0.45360E-01
 0.57333E-01
 0.88722E-02
 0.52478E-02
 0.14867E-01
 0.13589E-01
 0.31924E-01
 0.26525E-01
 0.10533E-01
 0.29823E-01
 0.12125E+00
 0.12260E+00
 0.99152E-01
 0.15392E+00
 0.22975E+00
 0.17742E+00
 0.37028E+00
 0.23297E+00
 0.42094E-01
 0.99519E-01
 0.32702E+00
 0.27459E+00
 0.11582E+00
 0.43161E-01
 0.69658E-02
 0.28965E-02
 0.18705E-01
 0.44236E-01
 0.60550E-01
 0.10040E+00
 0.61102E-01
 0.33591E-01
 0.44708E-01
 0.40438E-01
 0.59307E-02
 0.50849E-02
 0.14499E-01
 0.13678E-01
 0.36345E-01
 0.43189E-01
 0.26710E-01
 0.58019E-01
 0.10799E+00
 0.90186E-01
 0.70273E-01
 0.11985E+00
 0.19838E+00
 0.11254E+00
 0.10637E+00
 0.16020E+00
 0.87588E-01
 0.65347E-01
 0.15922E+00
 0.21819E+00
 0.24524E+00
 0.14999E+00
 0.37259E-01
 0.13045E-01
 0.40969E-01
 0.70458E-01
 0.88719E-01
 0.10221E+00
 0.62724E-01
 0.41165E-01
 0.44104E-01
 0.27616E-01
 0.41646E-02
 0.46079E-02
 0.14113E-01
 0.13507E-01
 0.41400E-01
 0.55902E-01
 0.57285E-01
 0.84545E-01
 0.86709E-01
 0.64313E-01
 0.73278E-01
 0.12180E+00
 0.18689E+00
 0.21165E+00
 0.84191E-01
 0.77916E-01
 0.20220E+00
 0.19558E+00
 0.72801E-01
 0.36612E-01
 0.79829E-01
 0.29685E+00
 0.31876E+00
 0.15237E+00
 0.14328E+00
 0.16088E+00
 0.13616E+00
 0.95710E-01
 0.61440E-01
 0.44112E-01
 0.47267E-01
 0.18082E-01
 0.31009E-02
 0.47307E-02
 0.13720E-01
 0.13053E-01
 0.44157E-01
 0.67684E-01
 0.93625E-01
 0.10237E+00
 0.62077E-01
 0.59343E-01
 0.12143E+00
 0.13325E+00
 0.20068E+00
 0.28867E+00
 0.66338E-01
 0.45993E-01
 0.11775E+00
 0.19080E+00
 0.15025E+00
 0.11496E+00
 0.80649E-01
 0.17547E+00
 0.32819E+00
 0.14952E+00
 0.14202E+00
 0.16776E+00
 0.13912E+00
 0.79934E-01
 0.59721E-01
 0.47791E-01
 0.47498E-01
 0.13541E-01
 0.30457E-02
 0.56651E-02
 0.13310E-01
 0.12494E-01
 0.44825E-01
 0.78092E-01
 0.11482E+00
 0.11194E+00
 0.37649E-01
 0.67310E-01
 0.22389E+00
 0.14665E+00
 0.10727E+00
 0.12717E+00
 0.53971E-01
 0.35592E-01
 0.50534E-01
 0.87954E-01
 0.21044E+00
 0.25404E+00
 0.98350E-01
 0.72669E-01
 0.54904E-01
 0.36950E-01
 0.77974E-01
 0.14732E+00
 0.11344E+00
 0.71158E-01
 0.60092E-01
 0.52535E-01
 0.40591E-01
 0.14268E-01
 0.42334E-02
 0.45447E-02
 0.12907E-01
 0.11696E-01
 0.42270E-01
 0.78235E-01
 0.12122E+00
 0.99844E-01
 0.31008E-01
 0.79281E-01
 0.21506E+00
 0.90873E-01
 0.66597E-01
 0.98833E-01
 0.61206E-01
 0.61926E-01
 0.12791E+00
 0.90164E-01
 0.10500E+00
 0.16604E+00
 0.10078E+00
 0.61554E-01
 0.70521E-01
 0.12635E+00
 0.19350E+00
 0.18240E+00
 0.95771E-01
 0.81689E-01
 0.69316E-01
 0.56143E-01
 0.34191E-01
 0.20807E-01
 0.76611E-02
 0.47136E-02
 0.12483E-01
 0.10759E-01
 0.36809E-01
 0.62089E-01
 0.97387E-01
 0.59938E-01
 0.28739E-01
 0.83031E-01
 0.10551E+00
 0.39714E-01
 0.86652E-01
 0.13091E+00
 0.36141E-01
 0.54597E-01
 0.18778E+00
 0.14224E+00
 0.89378E-01
 0.64697E-01
 0.74504E-01
 0.90010E-01
 0.11205E+00
 0.20545E+00
 0.24786E+00
 0.21465E+00
 0.12893E+00
 0.10283E+00
 0.93560E-01
 0.55706E-01
 0.31232E-01
 0.35011E-01
 0.15128E-01
 0.50285E-02
 0.12076E-01
 0.98112E-02
 0.29785E-01
 0.41037E-01
 0.52915E-01
 0.28840E-01
 0.39450E-01
 0.83580E-01
 0.67211E-01
 0.38176E-01
 0.11167E+00
 0.57460E-01
 0.13743E-01
 0.69661E-01
 0.24304E+00
 0.13939E+00
 0.15379E+00
 0.92037E-01
 0.60343E-01
 0.56636E-01
 0.55920E-01
 0.61414E-01
 0.10236E+00
 0.19521E+00
 0.17264E+00
 0.11923E+00
 0.11779E+00
 0.52610E-01
 0.25588E-01
 0.49416E-01
 0.26214E-01
 0.56889E-02
 0.11781E-01
 0.90017E-02
 0.23344E-01
 0.23782E-01
 0.22989E-01
 0.27464E-01
 0.48395E-01
 0.89365E-01
 0.68976E-01
 0.56960E-01
 0.11473E+00
 0.28471E-01
 0.64833E-02
 0.60225E-01
 0.33341E+00
 0.18481E+00
 0.15118E+00
 0.12023E+00
 0.71931E-01
 0.33625E-01
 0.31914E-01
 0.28410E-01
 0.79065E-01
 0.18526E+00
 0.15277E+00
 0.88020E-01
 0.10691E+00
 0.46195E-01
 0.24249E-01
 0.57331E-01
 0.33709E-01
 0.69127E-02
 0.11667E-01
 0.83960E-02
 0.17938E-01
 0.14662E-01
 0.17841E-01
 0.36257E-01
 0.54934E-01
 0.73247E-01
 0.77783E-01
 0.11192E+00
 0.10859E+00
 0.19360E-01
 0.14471E-01
 0.62329E-01
 0.21847E+00
 0.11815E+00
 0.10817E+00
 0.84553E-01
 0.63193E-01
 0.52717E-01
 0.70438E-01
 0.67170E-01
 0.88174E-01
 0.17498E+00
 0.11394E+00
 0.53283E-01
 0.82768E-01
 0.48602E-01
 0.23665E-01
 0.57873E-01
 0.35162E-01
 0.80240E-02
 0.11766E-01
