-0.17949E+02
-0.12971E+02
-0.19063E+01
 0.36514E+01
 0.67841E+01
 0.79315E+01
 0.60211E+01
 0.86465E+01
 0.91185E+01
 0.13316E+02
 0.19282E+02
 0.24922E+02
 0.28479E+02
 0.29984E+02
 0.28281E+02
 0.26055E+02
 0.24833E+02
 0.23321E+02
 0.21056E+02
 0.19682E+02
 0.18908E+02
 0.17715E+02
 0.14742E+02
 0.10018E+02
 0.51711E+01
 0.92069E+00
-0.37474E+01
-0.83900E+01
-0.15749E+02
-0.45655E+02
-0.55542E+02
-0.56006E+02
-0.17707E+02
-0.12388E+02
-0.93592E+00
 0.47052E+01
 0.46218E+01
 0.54261E+01
 0.86766E+01
 0.88577E+01
 0.14808E+02
 0.15555E+02
 0.20251E+02
 0.24593E+02
 0.30150E+02
 0.31628E+02
 0.27793E+02
 0.24535E+02
 0.24948E+02
 0.23864E+02
 0.21191E+02
 0.18975E+02
 0.18140E+02
 0.17356E+02
 0.14743E+02
 0.10069E+02
 0.51787E+01
 0.83723E+00
-0.36837E+01
-0.85119E+01
-0.17154E+02
-0.46918E+02
-0.56351E+02
-0.56649E+02
-0.17494E+02
-0.12444E+02
-0.16721E+01
 0.31218E+01
-0.54426E+01
-0.71949E+00
 0.51769E+01
 0.81887E+01
 0.14877E+02
 0.18351E+02
 0.21865E+02
 0.24086E+02
 0.27759E+02
 0.29016E+02
 0.25755E+02
 0.23027E+02
 0.27148E+02
 0.22800E+02
 0.21609E+02
 0.21671E+02
 0.19036E+02
 0.17065E+02
 0.15477E+02
 0.10894E+02
 0.52291E+01
 0.74198E+00
-0.33377E+01
-0.86703E+01
-0.17632E+02
-0.48083E+02
-0.57190E+02
-0.57273E+02
-0.17331E+02
-0.12993E+02
-0.32178E+01
-0.15482E+02
-0.64895E+01
 0.32521E+00
 0.46995E+01
 0.83727E+01
 0.11715E+02
 0.18026E+02
 0.22073E+02
 0.22519E+02
 0.25687E+02
 0.26884E+02
 0.24687E+02
 0.24525E+02
 0.28417E+02
 0.29159E+02
 0.28199E+02
 0.24630E+02
 0.21106E+02
 0.17188E+02
 0.16472E+02
 0.11876E+02
 0.53709E+01
 0.86409E+00
-0.29439E+01
-0.87186E+01
-0.17234E+02
-0.48983E+02
-0.58121E+02
-0.57867E+02
-0.17219E+02
-0.13687E+02
-0.44093E+01
-0.16654E+02
-0.65636E+01
 0.47435E+01
 0.51444E+01
 0.89139E+01
 0.15245E+02
 0.17624E+02
 0.21889E+02
 0.23998E+02
 0.27213E+02
 0.28383E+02
 0.26860E+02
 0.26518E+02
 0.24603E+02
 0.23725E+02
 0.21037E+02
 0.20944E+02
 0.18287E+02
 0.17316E+02
 0.17561E+02
 0.12111E+02
 0.54560E+01
 0.10389E+01
-0.22099E+01
-0.85080E+01
-0.17388E+02
-0.49651E+02
-0.59180E+02
-0.58415E+02
-0.17153E+02
-0.14207E+02
-0.48361E+01
-0.10912E+02
-0.65497E+01
 0.22782E+00
 0.67810E+01
 0.11650E+02
 0.15404E+02
 0.15472E+02
 0.21924E+02
 0.26446E+02
 0.27985E+02
 0.28798E+02
 0.29082E+02
 0.25401E+02
 0.21782E+02
 0.20631E+02
 0.21922E+02
 0.19781E+02
 0.16214E+02
 0.15377E+02
 0.17832E+02
 0.12060E+02
 0.56669E+01
 0.15236E+01
-0.17106E+01
-0.81921E+01
-0.18596E+02
-0.50117E+02
-0.60402E+02
-0.58913E+02
-0.17125E+02
-0.14413E+02
-0.48624E+01
-0.16454E+02
-0.63413E+01
 0.30122E+00
 0.79164E+01
 0.17243E+02
 0.15416E+02
 0.16410E+02
 0.21368E+02
 0.26066E+02
 0.26769E+02
 0.24811E+02
 0.25684E+02
 0.26820E+02
 0.20627E+02
 0.19924E+02
 0.23772E+02
 0.23561E+02
 0.19282E+02
 0.20955E+02
 0.17543E+02
 0.11695E+02
 0.55187E+01
 0.16835E+01
-0.14475E+01
-0.77806E+01
-0.19865E+02
-0.50169E+02
-0.61753E+02
-0.59356E+02
-0.17121E+02
-0.14428E+02
-0.51149E+01
 0.46967E+00
-0.59358E+01
-0.10553E+01
 0.75901E+01
 0.12833E+02
 0.13618E+02
 0.16206E+02
 0.20604E+02
 0.25061E+02
 0.25516E+02
 0.19018E+02
 0.20202E+02
 0.25105E+02
 0.24132E+02
 0.22317E+02
 0.24324E+02
 0.24656E+02
 0.23418E+02
 0.20721E+02
 0.17062E+02
 0.11322E+02
 0.53403E+01
 0.16700E+01
-0.14840E+01
-0.75394E+01
-0.21402E+02
-0.50038E+02
-0.63162E+02
-0.59739E+02
-0.17129E+02
-0.14435E+02
-0.61028E+01
-0.13333E+01
-0.55449E+01
-0.14179E+01
 0.65909E+01
 0.12643E+02
 0.13347E+02
 0.16017E+02
 0.19424E+02
 0.23309E+02
 0.23275E+02
 0.21004E+02
 0.20144E+02
 0.25654E+02
 0.25811E+02
 0.25563E+02
 0.24145E+02
 0.24160E+02
 0.22738E+02
 0.20333E+02
 0.16678E+02
 0.10868E+02
 0.50509E+01
 0.17924E+01
-0.14235E+01
-0.84745E+01
-0.29041E+02
-0.49941E+02
-0.64505E+02
-0.60046E+02
-0.17140E+02
-0.14525E+02
-0.79530E+01
-0.39743E+01
-0.55447E+01
-0.32859E+01
 0.53460E+01
 0.87154E+01
 0.19456E+02
 0.16259E+02
 0.19241E+02
 0.23363E+02
 0.25893E+02
 0.26210E+02
 0.26099E+02
 0.26166E+02
 0.26177E+02
 0.25733E+02
 0.25006E+02
 0.24239E+02
 0.22678E+02
 0.19831E+02
 0.16274E+02
 0.10900E+02
 0.50838E+01
 0.18862E+01
-0.14353E+01
-0.10076E+02
-0.29367E+02
-0.49955E+02
-0.65473E+02
-0.60262E+02
-0.17148E+02
-0.14676E+02
-0.99036E+01
-0.13619E+02
-0.58374E+01
-0.38488E+01
 0.46927E+01
 0.11271E+02
 0.15158E+02
 0.14311E+02
 0.18109E+02
 0.23247E+02
 0.26822E+02
 0.25813E+02
 0.26475E+02
 0.26698E+02
 0.26509E+02
 0.25998E+02
 0.25092E+02
 0.23923E+02
 0.22210E+02
 0.19339E+02
 0.15873E+02
 0.11789E+02
 0.56919E+01
 0.19808E+01
-0.16196E+01
-0.10766E+02
-0.29905E+02
-0.50124E+02
-0.65785E+02
-0.60381E+02
-0.17152E+02
-0.14852E+02
-0.11082E+02
-0.13865E+02
-0.58972E+01
-0.25347E+01
 0.50853E+01
 0.10652E+02
 0.12104E+02
 0.13448E+02
 0.16557E+02
 0.25307E+02
 0.25669E+02
 0.26398E+02
 0.27056E+02
 0.27001E+02
 0.26743E+02
 0.26113E+02
 0.25093E+02
 0.23706E+02
 0.21757E+02
 0.18920E+02
 0.15596E+02
 0.11821E+02
 0.57278E+01
 0.19059E+01
-0.16899E+01
-0.11083E+02
-0.30647E+02
-0.50323E+02
-0.65433E+02
-0.60403E+02
-0.17152E+02
-0.15078E+02
-0.11641E+02
-0.14581E+02
-0.60504E+01
-0.11973E+01
 0.56618E+01
 0.98858E+01
 0.75289E+01
 0.10983E+02
 0.16970E+02
 0.25674E+02
 0.26533E+02
 0.27182E+02
 0.27302E+02
 0.27113E+02
 0.26840E+02
 0.26170E+02
 0.25144E+02
 0.23492E+02
 0.21332E+02
 0.18510E+02
 0.15257E+02
 0.11467E+02
 0.54892E+01
 0.18362E+01
-0.19995E+01
-0.10934E+02
-0.31607E+02
-0.50760E+02
-0.64725E+02
-0.60330E+02
-0.17145E+02
-0.15392E+02
-0.12251E+02
-0.15659E+02
-0.71892E+01
-0.47488E+00
 0.61871E+01
 0.97969E+01
 0.33023E+01
 0.78218E+01
 0.13596E+02
 0.25712E+02
 0.29958E+02
 0.25196E+02
 0.26837E+02
 0.27183E+02
 0.26883E+02
 0.26285E+02
 0.25155E+02
 0.23245E+02
 0.20945E+02
 0.18165E+02
 0.14903E+02
 0.11241E+02
 0.56655E+01
 0.15048E+01
-0.23755E+01
-0.98253E+01
-0.19068E+02
-0.51590E+02
-0.63973E+02
-0.60162E+02
-0.17132E+02
-0.15741E+02
-0.13091E+02
-0.16434E+02
-0.60296E+01
-0.20395E+00
 0.60453E+01
 0.88653E+01
 0.21616E+01
 0.17264E+01
 0.82831E+01
 0.23872E+02
 0.31096E+02
 0.23139E+02
 0.27080E+02
 0.27032E+02
 0.26902E+02
 0.26353E+02
 0.25156E+02
 0.23016E+02
 0.20541E+02
 0.17809E+02
 0.14577E+02
 0.10943E+02
 0.58876E+01
 0.15428E+01
-0.24462E+01
-0.93689E+01
-0.34099E+02
-0.52876E+02
-0.63351E+02
-0.59898E+02
-0.17113E+02
-0.16017E+02
-0.13735E+02
-0.16299E+02
-0.60221E+01
-0.86469E+00
 0.53241E+01
 0.93267E+01
 0.26542E+01
-0.32294E+01
 0.49970E+00
 0.19571E+02
 0.30026E+02
 0.27091E+02
 0.27268E+02
 0.27248E+02
 0.27003E+02
 0.26443E+02
 0.25132E+02
 0.22793E+02
 0.20138E+02
 0.17408E+02
 0.14265E+02
 0.10742E+02
 0.62713E+01
 0.20452E+01
-0.18136E+01
-0.94857E+01
-0.35136E+02
-0.54348E+02
-0.62867E+02
-0.59524E+02
-0.17091E+02
-0.16168E+02
-0.19599E+02
-0.12999E+02
-0.61911E+01
-0.21649E+01
 0.31379E+01
 0.10493E+02
 0.27180E+01
-0.59981E+01
-0.26454E+01
 0.16233E+02
 0.25289E+02
 0.27174E+02
 0.27366E+02
 0.27285E+02
 0.27145E+02
 0.26567E+02
 0.25170E+02
 0.22600E+02
 0.19766E+02
 0.17029E+02
 0.13963E+02
 0.10550E+02
 0.63603E+01
 0.22829E+01
-0.14819E+01
-0.93124E+01
-0.35850E+02
-0.55756E+02
-0.62379E+02
-0.59038E+02
-0.17070E+02
-0.16225E+02
-0.19443E+02
-0.15353E+02
-0.62094E+01
-0.30550E+01
 0.74000E+00
 0.56797E+01
 0.42807E+01
-0.31131E+01
-0.96506E-01
 0.14117E+02
 0.26297E+02
 0.25869E+02
 0.26815E+02
 0.25517E+02
 0.26717E+02
 0.26617E+02
 0.25260E+02
 0.22543E+02
 0.19512E+02
 0.16709E+02
 0.13717E+02
 0.10506E+02
 0.63059E+01
 0.23365E+01
-0.13010E+01
-0.94227E+01
-0.36496E+02
-0.57475E+02
-0.62463E+02
-0.58432E+02
-0.17058E+02
-0.16256E+02
-0.19205E+02
-0.10702E+02
-0.63948E+01
-0.35700E+01
-0.16641E+01
 0.38133E+01
 0.64315E+01
 0.20616E+01
 0.52393E+01
 0.17800E+02
 0.26906E+02
 0.23936E+02
 0.27037E+02
 0.30355E+02
 0.25697E+02
 0.26302E+02
 0.25443E+02
 0.22765E+02
 0.19664E+02
 0.16717E+02
 0.13744E+02
 0.10554E+02
 0.64099E+01
 0.23830E+01
-0.87629E+00
-0.97513E+01
-0.37421E+02
-0.58831E+02
-0.62329E+02
-0.57709E+02
-0.17063E+02
-0.16293E+02
-0.18897E+02
-0.10874E+02
-0.69521E+01
-0.36997E+01
-0.27040E+01
 0.21724E+01
 0.78290E+01
 0.92562E+01
 0.13090E+02
 0.21002E+02
 0.26362E+02
 0.23421E+02
 0.27179E+02
 0.26448E+02
 0.26236E+02
 0.26200E+02
 0.25952E+02
 0.23713E+02
 0.20833E+02
 0.17527E+02
 0.14138E+02
 0.10705E+02
 0.66983E+01
 0.26086E+01
-0.43491E+00
-0.89252E+01
-0.38539E+02
-0.59715E+02
-0.61812E+02
-0.56879E+02
-0.17092E+02
-0.16329E+02
-0.18644E+02
-0.13108E+02
-0.82059E+01
-0.37581E+01
-0.21020E+01
 0.13428E+01
 0.80873E+01
 0.13504E+02
 0.18611E+02
 0.21783E+02
 0.24833E+02
 0.27097E+02
 0.27163E+02
 0.24149E+02
 0.25331E+02
 0.26490E+02
 0.26574E+02
 0.25705E+02
 0.22871E+02
 0.18689E+02
 0.14675E+02
 0.10962E+02
 0.71099E+01
 0.29878E+01
 0.75103E-02
-0.78499E+01
-0.39602E+02
-0.59763E+02
-0.60775E+02
-0.55974E+02
-0.17151E+02
-0.16364E+02
-0.13752E+02
-0.13771E+02
-0.94639E+01
-0.46464E+01
-0.77931E+00
 0.11737E+01
 0.69973E+01
 0.13548E+02
 0.17954E+02
 0.20603E+02
 0.25186E+02
 0.26443E+02
 0.27105E+02
 0.22640E+02
 0.25386E+02
 0.26490E+02
 0.27158E+02
 0.27038E+02
 0.19829E+02
 0.16743E+02
 0.14819E+02
 0.11150E+02
 0.75623E+01
 0.35968E+01
 0.42733E+00
-0.73030E+01
-0.40654E+02
-0.58922E+02
-0.59352E+02
-0.55015E+02
-0.17241E+02
-0.16416E+02
-0.13750E+02
-0.13966E+02
-0.10866E+02
-0.64135E+01
-0.21720E+01
 0.15446E+01
 0.62551E+01
 0.11551E+02
 0.17947E+02
 0.22965E+02
 0.25986E+02
 0.27266E+02
 0.24094E+02
 0.27007E+02
 0.26783E+02
 0.26759E+02
 0.27126E+02
 0.22488E+02
 0.19837E+02
 0.16185E+02
 0.14654E+02
 0.11319E+02
 0.81041E+01
 0.42526E+01
 0.74915E+00
-0.70875E+01
-0.41060E+02
-0.57260E+02
-0.57636E+02
-0.54026E+02
-0.17355E+02
-0.16480E+02
-0.14275E+02
-0.14097E+02
-0.12129E+02
-0.88206E+01
-0.35540E+01
 0.80162E+00
 0.61191E+01
 0.13298E+02
 0.19156E+02
 0.23449E+02
 0.26165E+02
 0.27315E+02
 0.27459E+02
 0.27315E+02
 0.26101E+02
 0.26894E+02
 0.26545E+02
 0.22063E+02
 0.18299E+02
 0.16030E+02
 0.14645E+02
 0.11474E+02
 0.84608E+01
 0.46698E+01
 0.10534E+01
-0.83260E+01
-0.39770E+02
-0.55013E+02
-0.55618E+02
-0.53025E+02
-0.17487E+02
-0.16532E+02
-0.14806E+02
-0.14102E+02
-0.12234E+02
-0.87985E+01
-0.38259E+01
 0.13008E+01
 0.81964E+01
 0.12765E+02
 0.20292E+02
 0.23780E+02
 0.26358E+02
 0.27291E+02
 0.27365E+02
 0.27623E+02
 0.24677E+02
 0.26247E+02
 0.28121E+02
 0.25519E+02
 0.21310E+02
 0.17715E+02
 0.15210E+02
 0.11798E+02
 0.87093E+01
 0.48697E+01
 0.11917E+01
-0.92069E+01
-0.37916E+02
-0.52274E+02
-0.53377E+02
-0.52031E+02
-0.17629E+02
-0.16568E+02
-0.15192E+02
-0.16407E+02
-0.12351E+02
-0.84384E+01
-0.25213E+01
 0.30823E+01
 0.82970E+01
 0.15362E+02
 0.20806E+02
 0.24091E+02
 0.26440E+02
 0.27167E+02
 0.27428E+02
 0.27665E+02
 0.25647E+02
 0.24589E+02
 0.25604E+02
 0.29523E+02
 0.22177E+02
 0.17111E+02
 0.13087E+02
 0.11979E+02
 0.90533E+01
 0.49168E+01
 0.10535E+01
-0.86910E+01
-0.35437E+02
-0.48842E+02
-0.50998E+02
-0.51059E+02
-0.17762E+02
-0.16639E+02
-0.15426E+02
-0.16582E+02
-0.11331E+02
-0.32945E+01
 0.11247E+01
 0.29551E+01
 0.83096E+01
 0.15862E+02
 0.20942E+02
 0.24308E+02
 0.26373E+02
 0.27134E+02
 0.27456E+02
 0.27640E+02
 0.27391E+02
 0.25614E+02
 0.25611E+02
 0.25843E+02
 0.22390E+02
 0.16875E+02
 0.12191E+02
 0.12801E+02
 0.94279E+01
 0.54334E+01
 0.85583E+00
-0.85273E+01
-0.32532E+02
-0.45226E+02
-0.48570E+02
-0.50130E+02
-0.17868E+02
-0.16802E+02
-0.15554E+02
-0.16257E+02
-0.10434E+02
-0.25834E+01
 0.15774E+01
 0.37591E+01
 0.89194E+01
 0.16038E+02
 0.20969E+02
 0.24275E+02
 0.26216E+02
 0.27024E+02
 0.27367E+02
 0.27627E+02
 0.27493E+02
 0.27064E+02
 0.26075E+02
 0.23975E+02
 0.20921E+02
 0.16645E+02
 0.16954E+02
 0.13225E+02
 0.95962E+01
 0.59025E+01
 0.10413E+01
-0.84118E+01
-0.30049E+02
-0.41757E+02
-0.46235E+02
-0.49265E+02
-0.17936E+02
-0.17041E+02
-0.15768E+02
-0.15650E+02
-0.95420E+01
-0.15114E+01
 0.17038E+01
 0.48529E+01
 0.93838E+01
 0.16064E+02
 0.20955E+02
 0.24145E+02
 0.25921E+02
 0.26772E+02
 0.27327E+02
 0.27552E+02
 0.27682E+02
 0.27203E+02
 0.26342E+02
 0.24100E+02
 0.21722E+02
 0.19488E+02
 0.16511E+02
 0.13079E+02
 0.98073E+01
 0.61646E+01
 0.13175E+01
-0.77792E+01
-0.22467E+02
-0.38746E+02
-0.44162E+02
-0.48482E+02
-0.17961E+02
-0.17269E+02
-0.16065E+02
-0.14881E+02
-0.10288E+02
-0.12467E+00
 0.37840E+01
 0.53176E+01
 0.98110E+01
 0.16103E+02
 0.20888E+02
 0.23937E+02
 0.25639E+02
 0.26529E+02
 0.27122E+02
 0.27461E+02
 0.27632E+02
 0.27542E+02
 0.26443E+02
 0.24192E+02
 0.21653E+02
 0.18987E+02
 0.15960E+02
 0.12803E+02
 0.95965E+01
 0.66345E+01
 0.22056E+01
-0.67529E+01
-0.18912E+02
-0.36275E+02
-0.42437E+02
-0.47798E+02
-0.17947E+02
-0.17382E+02
-0.16085E+02
-0.13956E+02
-0.77615E+01
 0.53012E+00
 0.37309E+01
 0.58364E+01
 0.10261E+02
 0.16274E+02
 0.20641E+02
 0.23656E+02
 0.25376E+02
 0.26295E+02
 0.26938E+02
 0.27303E+02
 0.27546E+02
 0.27602E+02
 0.26782E+02
 0.24527E+02
 0.21687E+02
 0.18753E+02
 0.15716E+02
 0.12080E+02
 0.93842E+01
 0.67166E+01
 0.28401E+01
-0.58078E+01
-0.16890E+02
-0.18412E+02
-0.19967E+02
-0.47218E+02
-0.17909E+02
-0.17380E+02
-0.15797E+02
-0.13034E+02
-0.67593E+01
 0.11817E+01
 0.41257E+01
 0.61728E+01
 0.10731E+02
 0.16246E+02
 0.20419E+02
 0.23363E+02
 0.25112E+02
 0.26071E+02
 0.26812E+02
 0.27147E+02
 0.27422E+02
 0.27626E+02
 0.26894E+02
 0.24679E+02
 0.21757E+02
 0.18762E+02
 0.15678E+02
 0.12957E+02
 0.95316E+01
 0.66055E+01
 0.30077E+01
-0.48689E+01
-0.16743E+02
-0.20248E+02
-0.20176E+02
-0.46745E+02
-0.17868E+02
-0.17346E+02
-0.15675E+02
-0.11720E+02
-0.60618E+01
 0.12519E+01
 0.42299E+01
 0.65795E+01
 0.11035E+02
 0.16148E+02
 0.20182E+02
 0.23082E+02
 0.24866E+02
 0.25855E+02
 0.26662E+02
 0.26955E+02
 0.27239E+02
 0.27588E+02
 0.26895E+02
 0.24666E+02
 0.21754E+02
 0.18666E+02
 0.15843E+02
 0.13236E+02
 0.98411E+01
 0.68076E+01
 0.29983E+01
-0.43583E+01
-0.16584E+02
-0.22745E+02
-0.21706E+02
-0.46367E+02
-0.17844E+02
-0.17349E+02
-0.15966E+02
-0.10993E+02
-0.54294E+01
 0.51354E+00
 0.46207E+01
 0.69372E+01
 0.11150E+02
 0.16043E+02
 0.20045E+02
 0.22914E+02
 0.24647E+02
 0.25662E+02
 0.26532E+02
 0.26737E+02
 0.27039E+02
 0.27456E+02
 0.26770E+02
 0.24752E+02
 0.21759E+02
 0.18607E+02
 0.15540E+02
 0.12973E+02
 0.10061E+02
 0.69106E+01
 0.27253E+01
-0.44696E+01
-0.15906E+02
-0.22849E+02
-0.23383E+02
-0.46009E+02
-0.17855E+02
-0.17392E+02
-0.16277E+02
-0.10796E+02
-0.43753E+01
 0.87195E+00
 0.48546E+01
 0.73532E+01
 0.11412E+02
 0.15967E+02
 0.19929E+02
 0.22737E+02
 0.24433E+02
 0.25491E+02
 0.26336E+02
 0.26475E+02
 0.26747E+02
 0.27264E+02
 0.26790E+02
 0.24832E+02
 0.21769E+02
 0.18506E+02
 0.15324E+02
 0.12573E+02
 0.99252E+01
 0.66533E+01
 0.24004E+01
-0.48124E+01
-0.15155E+02
-0.20882E+02
-0.24297E+02
-0.45714E+02
-0.17902E+02
-0.17450E+02
-0.16301E+02
-0.11101E+02
-0.99482E+01
 0.59335E+00
 0.54232E+01
 0.77947E+01
 0.11678E+02
 0.16095E+02
 0.19903E+02
 0.22508E+02
 0.24062E+02
 0.25213E+02
 0.26156E+02
 0.26228E+02
 0.26447E+02
 0.27089E+02
 0.26739E+02
 0.24842E+02
 0.21770E+02
 0.18441E+02
 0.15165E+02
 0.12295E+02
 0.96613E+01
 0.64774E+01
 0.19504E+01
-0.50848E+01
-0.14457E+02
-0.18881E+02
-0.24297E+02
-0.45458E+02
-0.17975E+02
-0.17541E+02
-0.16334E+02
-0.15306E+02
-0.82473E+01
-0.28265E+01
 0.60415E+01
 0.82290E+01
 0.12029E+02
 0.16203E+02
 0.19856E+02
 0.22274E+02
 0.23366E+02
 0.24903E+02
 0.26008E+02
 0.26028E+02
 0.26237E+02
 0.26871E+02
 0.26641E+02
 0.24921E+02
 0.21877E+02
 0.18468E+02
 0.15072E+02
 0.12100E+02
 0.94093E+01
 0.61887E+01
 0.14420E+01
-0.52097E+01
-0.13819E+02
-0.17544E+02
-0.23708E+02
-0.31706E+02
-0.18056E+02
-0.17733E+02
-0.16608E+02
-0.12121E+02
-0.88603E+01
 0.43646E+01
 0.64692E+01
 0.87203E+01
 0.12373E+02
 0.16377E+02
 0.19622E+02
 0.21704E+02
 0.23135E+02
 0.24657E+02
 0.25866E+02
 0.25776E+02
 0.25975E+02
 0.26612E+02
 0.26438E+02
 0.24927E+02
 0.22054E+02
 0.18575E+02
 0.14989E+02
 0.11891E+02
 0.91690E+01
 0.59170E+01
 0.69336E+00
-0.52165E+01
-0.13048E+02
-0.16635E+02
-0.39150E+02
-0.44920E+02
-0.18123E+02
-0.18062E+02
-0.16731E+02
-0.12620E+02
-0.90198E+01
 0.37223E+01
 0.73441E+01
 0.93901E+01
 0.12758E+02
 0.16246E+02
 0.19039E+02
 0.20888E+02
 0.22562E+02
 0.24473E+02
 0.25715E+02
 0.25569E+02
 0.25660E+02
 0.26319E+02
 0.26208E+02
 0.24924E+02
 0.22198E+02
 0.18750E+02
 0.14976E+02
 0.11754E+02
 0.89538E+01
 0.57403E+01
 0.77334E+00
-0.45766E+01
-0.12016E+02
-0.16440E+02
-0.38473E+02
-0.44589E+02
-0.18160E+02
-0.18444E+02
-0.16449E+02
-0.11812E+02
-0.12233E+02
 0.15612E+01
 0.82768E+01
 0.98476E+01
 0.12866E+02
 0.15860E+02
 0.18182E+02
 0.19924E+02
 0.21975E+02
 0.24348E+02
 0.25620E+02
 0.25389E+02
 0.25430E+02
 0.25993E+02
 0.25847E+02
 0.24783E+02
 0.22351E+02
 0.18937E+02
 0.15076E+02
 0.11709E+02
 0.88037E+01
 0.57588E+01
 0.10130E+01
-0.39949E+01
-0.11241E+02
-0.17568E+02
-0.37491E+02
-0.44293E+02
-0.18171E+02
-0.18718E+02
-0.16274E+02
-0.11167E+02
-0.82584E+01
-0.11952E+01
 0.72366E+01
 0.10426E+02
 0.12638E+02
 0.15111E+02
 0.17156E+02
 0.18942E+02
 0.21472E+02
 0.24405E+02
 0.25608E+02
 0.25202E+02
 0.25152E+02
 0.25631E+02
 0.25362E+02
 0.24469E+02
 0.22409E+02
 0.19079E+02
 0.15180E+02
 0.11722E+02
 0.86651E+01
 0.56740E+01
 0.14863E+01
-0.33434E+01
-0.10862E+02
-0.29808E+02
-0.36477E+02
-0.44045E+02
-0.18179E+02
-0.18698E+02
-0.16720E+02
-0.10814E+02
-0.68995E+01
-0.15702E+01
 0.48485E+01
 0.94248E+01
 0.12209E+02
 0.13971E+02
 0.16021E+02
 0.18241E+02
 0.21225E+02
 0.24648E+02
 0.25667E+02
 0.25082E+02
 0.24879E+02
 0.25224E+02
 0.24856E+02
 0.24073E+02
 0.22321E+02
 0.19205E+02
 0.15215E+02
 0.11638E+02
 0.85232E+01
 0.57646E+01
 0.19744E+01
-0.26295E+01
-0.10566E+02
-0.29305E+02
-0.35655E+02
-0.43849E+02
-0.18216E+02
-0.18323E+02
-0.17412E+02
-0.13818E+02
-0.54850E+01
-0.13170E+01
 0.35020E+01
 0.83556E+01
 0.11683E+02
 0.13001E+02
 0.15865E+02
 0.18050E+02
 0.21557E+02
 0.24998E+02
 0.25752E+02
 0.24965E+02
 0.24609E+02
 0.24834E+02
 0.24373E+02
 0.23608E+02
 0.22105E+02
 0.19202E+02
 0.15271E+02
 0.11625E+02
 0.83890E+01
 0.56378E+01
 0.23268E+01
-0.21630E+01
-0.10405E+02
-0.28928E+02
-0.35012E+02
-0.43695E+02
-0.18315E+02
-0.17831E+02
-0.18473E+02
-0.13750E+02
-0.44134E+01
 0.89286E+00
 0.32422E+01
 0.60503E+01
 0.85899E+01
 0.14208E+02
 0.19430E+02
 0.19640E+02
 0.22532E+02
 0.25618E+02
 0.25881E+02
 0.24786E+02
 0.24295E+02
 0.24462E+02
 0.23765E+02
 0.23055E+02
 0.21791E+02
 0.19185E+02
 0.15365E+02
 0.11619E+02
 0.82926E+01
 0.56587E+01
 0.25486E+01
-0.17502E+01
-0.10498E+02
-0.28773E+02
-0.34488E+02
-0.43592E+02
-0.18495E+02
-0.17609E+02
-0.17378E+02
-0.14242E+02
-0.40666E+01
 0.19570E+01
 0.46828E+01
 0.45577E+01
 0.60269E+01
 0.13232E+02
 0.19580E+02
 0.21976E+02
 0.24319E+02
 0.26286E+02
 0.26033E+02
 0.24674E+02
 0.23985E+02
 0.24009E+02
 0.23125E+02
 0.22457E+02
 0.21402E+02
 0.19058E+02
 0.15390E+02
 0.11629E+02
 0.83735E+01
 0.57145E+01
 0.27790E+01
-0.13903E+01
-0.10551E+02
-0.28850E+02
-0.34109E+02
-0.43565E+02
-0.18755E+02
-0.18021E+02
-0.17218E+02
-0.15700E+02
-0.53723E+01
 0.22095E+01
 0.50540E+01
 0.53028E+01
 0.78122E+01
 0.12966E+02
 0.20589E+02
 0.22334E+02
 0.22033E+02
 0.26912E+02
 0.26363E+02
 0.24647E+02
 0.23692E+02
 0.23547E+02
 0.22313E+02
 0.21738E+02
 0.20797E+02
 0.18835E+02
 0.15254E+02
 0.11577E+02
 0.83424E+01
 0.57276E+01
 0.28406E+01
-0.11930E+01
-0.10236E+02
-0.18319E+02
-0.33942E+02
-0.43634E+02
-0.19054E+02
-0.19068E+02
-0.17464E+02
-0.15829E+02
-0.81425E+01
 0.13298E+01
 0.56584E+01
 0.85527E+01
 0.12363E+02
 0.16392E+02
 0.19560E+02
 0.19353E+02
 0.18686E+02
 0.26207E+02
 0.26464E+02
 0.24731E+02
 0.23461E+02
 0.23102E+02
 0.21464E+02
 0.20757E+02
 0.20108E+02
 0.18349E+02
 0.15176E+02
 0.11519E+02
 0.83311E+01
 0.58088E+01
 0.30175E+01
-0.12266E+01
-0.10060E+02
-0.27980E+02
-0.33998E+02
-0.43824E+02
-0.19328E+02
-0.20255E+02
-0.21301E+02
-0.18063E+02
-0.10980E+02
-0.56730E+00
 0.50372E+01
 0.10795E+02
 0.17411E+02
 0.20645E+02
 0.22371E+02
 0.24064E+02
 0.18495E+02
 0.25296E+02
 0.26546E+02
 0.24895E+02
 0.23216E+02
 0.22688E+02
 0.20729E+02
 0.19823E+02
 0.19314E+02
 0.17835E+02
 0.15064E+02
 0.11565E+02
 0.83462E+01
 0.57908E+01
 0.30794E+01
-0.12046E+01
-0.10802E+02
-0.27366E+02
-0.34285E+02
-0.44152E+02
-0.19530E+02
-0.22179E+02
-0.21988E+02
-0.18341E+02
-0.13044E+02
-0.82080E+01
 0.33318E+01
 0.89332E+01
 0.15786E+02
 0.19864E+02
 0.19293E+02
 0.24365E+02
 0.25856E+02
 0.21661E+02
 0.26353E+02
 0.25090E+02
 0.22831E+02
 0.22305E+02
 0.20440E+02
 0.18968E+02
 0.18377E+02
 0.17178E+02
 0.14733E+02
 0.11621E+02
 0.84061E+01
 0.59369E+01
 0.32273E+01
-0.14056E+01
-0.11271E+02
-0.26930E+02
-0.34813E+02
-0.44629E+02
-0.19620E+02
-0.23156E+02
-0.22935E+02
-0.18477E+02
-0.12064E+02
-0.81228E+01
 0.15656E+01
 0.59747E+01
 0.10508E+02
 0.14963E+02
 0.22148E+02
 0.24255E+02
 0.26409E+02
 0.26699E+02
 0.25331E+02
 0.24929E+02
 0.21563E+02
 0.20976E+02
 0.20248E+02
 0.18566E+02
 0.17532E+02
 0.16569E+02
 0.14374E+02
 0.11570E+02
 0.88523E+01
 0.61557E+01
 0.33352E+01
-0.18666E+01
-0.98670E+01
-0.27009E+02
-0.35588E+02
-0.45264E+02
-0.19579E+02
-0.23883E+02
-0.24228E+02
-0.15129E+02
-0.11402E+02
-0.80751E+01
 0.36287E+00
 0.36192E+01
 0.59235E+01
 0.10985E+02
 0.22251E+02
 0.24616E+02
 0.26038E+02
 0.26790E+02
 0.23607E+02
 0.20574E+02
 0.22192E+02
 0.28173E+02
 0.15517E+02
 0.19007E+02
 0.17357E+02
 0.16141E+02
 0.14200E+02
 0.11217E+02
 0.70614E+01
 0.56713E+01
 0.34361E+01
-0.21166E+01
-0.94817E+01
-0.27458E+02
-0.36683E+02
-0.46046E+02
-0.19439E+02
-0.28174E+02
-0.13824E+02
-0.18498E+02
-0.99532E+01
-0.64838E+01
-0.73491E+00
 0.20908E+01
 0.52884E+01
 0.17921E+02
 0.22152E+02
 0.24629E+02
 0.25529E+02
 0.26408E+02
 0.24891E+02
 0.22956E+02
 0.28932E+02
 0.27165E+02
 0.27376E+02
 0.13383E+02
 0.12591E+02
 0.12377E+02
 0.11293E+02
 0.87707E+01
 0.56689E+01
 0.48246E+01
 0.31688E+01
-0.31205E+01
-0.12718E+02
-0.28191E+02
-0.22122E+02
-0.46930E+02
-0.19244E+02
-0.28703E+02
-0.13254E+02
-0.18489E+02
-0.86294E+01
-0.21327E+01
 0.12058E+00
 0.21954E+01
 0.10672E+02
 0.18845E+02
 0.22220E+02
 0.24545E+02
 0.25775E+02
 0.26232E+02
 0.22939E+02
 0.24718E+02
 0.33102E+02
 0.30206E+02
 0.18437E+02
 0.13320E+02
 0.14011E+02
 0.15133E+02
 0.12037E+02
 0.97270E+01
 0.48068E+01
 0.66266E+01
 0.23164E+01
-0.50423E+01
-0.21368E+02
-0.28650E+02
-0.23362E+02
-0.47867E+02
-0.19040E+02
-0.29034E+02
-0.15475E+02
-0.10445E+02
-0.65299E+01
-0.28146E+01
 0.18577E+01
 0.43722E+01
 0.12214E+02
 0.19314E+02
 0.22293E+02
 0.24322E+02
 0.25399E+02
 0.25908E+02
 0.22281E+02
 0.23267E+02
 0.32861E+02
 0.31640E+02
 0.21488E+02
 0.15209E+02
 0.15132E+02
 0.16142E+02
 0.14229E+02
 0.12383E+02
 0.87028E+01
 0.58468E+01
 0.11047E+01
-0.67864E+01
-0.14066E+02
-0.21031E+02
-0.24897E+02
-0.48819E+02
-0.18879E+02
-0.36450E+02
-0.35482E+02
-0.91549E+01
-0.38904E+01
 0.10412E+01
 0.15220E+01
 0.47873E+01
 0.12883E+02
 0.19486E+02
 0.22206E+02
 0.23923E+02
 0.24882E+02
 0.25650E+02
 0.26017E+02
 0.22314E+02
 0.25957E+02
 0.26969E+02
 0.25898E+02
 0.26200E+02
 0.24199E+02
 0.20379E+02
 0.15985E+02
 0.12361E+02
 0.86417E+01
 0.49874E+01
-0.22331E+00
-0.82741E+01
-0.13265E+02
-0.21138E+02
-0.25264E+02
-0.49751E+02
-0.18784E+02
-0.35636E+02
-0.46663E+02
-0.27143E+02
-0.15372E+02
 0.44125E+00
 0.39797E+01
 0.60551E+01
 0.13702E+02
 0.19473E+02
 0.21989E+02
 0.23460E+02
 0.24371E+02
 0.25139E+02
 0.26043E+02
 0.26197E+02
 0.24190E+02
 0.23305E+02
 0.23106E+02
 0.24590E+02
 0.23925E+02
 0.19748E+02
 0.16642E+02
 0.12845E+02
 0.85768E+01
 0.39250E+01
-0.12185E+01
-0.93186E+01
-0.14756E+02
-0.21832E+02
-0.42232E+02
-0.50630E+02
-0.18749E+02
-0.34154E+02
-0.44984E+02
-0.30533E+02
-0.15356E+02
 0.21774E+01
 0.59531E+01
 0.98503E+01
 0.15609E+02
 0.19392E+02
 0.21616E+02
 0.22928E+02
 0.23829E+02
 0.24671E+02
 0.25761E+02
 0.26217E+02
 0.28810E+02
 0.25340E+02
 0.20814E+02
 0.19037E+02
 0.22333E+02
 0.19777E+02
 0.16209E+02
 0.12140E+02
 0.76303E+01
 0.28027E+01
-0.20461E+01
-0.93193E+01
-0.15217E+02
-0.21187E+02
-0.43224E+02
-0.51452E+02
-0.18755E+02
-0.32262E+02
-0.38093E+02
-0.25541E+02
-0.60767E+00
 0.50132E+01
 0.73051E+01
 0.11996E+02
 0.16191E+02
 0.19127E+02
 0.21165E+02
 0.22348E+02
 0.23203E+02
 0.24280E+02
 0.25575E+02
 0.26027E+02
 0.26099E+02
 0.24499E+02
 0.21537E+02
 0.24301E+02
 0.22583E+02
 0.19666E+02
 0.15943E+02
 0.11574E+02
 0.68672E+01
 0.20890E+01
-0.25596E+01
-0.91692E+01
-0.14412E+02
-0.18338E+02
-0.21069E+02
-0.52193E+02
-0.18769E+02
-0.30298E+02
-0.31407E+02
-0.21083E+02
 0.24426E+01
 0.60061E+01
 0.85729E+01
 0.12670E+02
 0.16185E+02
 0.18666E+02
 0.20567E+02
 0.21700E+02
 0.22555E+02
 0.23998E+02
 0.25490E+02
 0.25936E+02
 0.25977E+02
 0.25720E+02
 0.24782E+02
 0.23913E+02
 0.22358E+02
 0.19577E+02
 0.15690E+02
 0.11402E+02
 0.62594E+01
 0.15922E+01
-0.32809E+01
-0.93978E+01
-0.14046E+02
-0.15979E+02
-0.45563E+02
-0.52853E+02
-0.18761E+02
-0.28550E+02
-0.26953E+02
-0.18342E+02
 0.34218E+01
 0.76157E+01
 0.97053E+01
 0.12990E+02
 0.15823E+02
 0.18146E+02
 0.19951E+02
 0.21042E+02
 0.21926E+02
 0.23675E+02
 0.25453E+02
 0.25883E+02
 0.25677E+02
 0.25284E+02
 0.24116E+02
 0.23360E+02
 0.22074E+02
 0.19473E+02
 0.15515E+02
 0.11223E+02
 0.59320E+01
 0.15075E+01
-0.32393E+01
-0.90641E+01
-0.13489E+02
-0.17404E+02
-0.47184E+02
-0.53456E+02
-0.18706E+02
-0.27457E+02
-0.23982E+02
-0.47811E+01
 0.32901E+01
 0.79520E+01
 0.10565E+02
 0.13111E+02
 0.15486E+02
 0.17631E+02
 0.19447E+02
 0.20192E+02
 0.21639E+02
 0.23913E+02
 0.25632E+02
 0.25853E+02
 0.25323E+02
 0.24776E+02
 0.23387E+02
 0.22718E+02
 0.21742E+02
 0.19333E+02
 0.15442E+02
 0.10890E+02
 0.58614E+01
 0.16050E+01
-0.30823E+01
-0.89767E+01
-0.13019E+02
-0.22720E+02
-0.49187E+02
-0.54018E+02
-0.18589E+02
-0.16454E+02
-0.10290E+02
-0.23348E+01
 0.40566E+01
 0.86998E+01
 0.10694E+02
 0.13093E+02
 0.15215E+02
 0.17050E+02
 0.18828E+02
 0.21933E+02
 0.26659E+02
 0.27384E+02
 0.26032E+02
 0.25877E+02
 0.25045E+02
 0.24249E+02
 0.22568E+02
 0.21947E+02
 0.21172E+02
 0.19100E+02
 0.15335E+02
 0.10594E+02
 0.54624E+01
 0.14013E+01
-0.33515E+01
-0.88380E+01
-0.13629E+02
-0.40871E+02
-0.51274E+02
-0.54561E+02
-0.18411E+02
-0.15190E+02
-0.71983E+01
 0.53503E+00
 0.55778E+01
 0.82590E+01
 0.10035E+02
 0.12708E+02
 0.13593E+02
 0.17401E+02
 0.19144E+02
 0.25216E+02
 0.25879E+02
 0.24558E+02
 0.23925E+02
 0.25475E+02
 0.24845E+02
 0.23744E+02
 0.21836E+02
 0.21057E+02
 0.20436E+02
 0.18817E+02
 0.15165E+02
 0.10338E+02
 0.50887E+01
 0.10847E+01
-0.36084E+01
-0.86673E+01
-0.14432E+02
-0.42405E+02
-0.53111E+02
-0.55091E+02
-0.18192E+02
-0.13988E+02
-0.42391E+01
 0.22032E+01
 0.57627E+01
 0.81829E+01
 0.62930E+01
 0.12032E+02
 0.10651E+02
 0.12773E+02
 0.19764E+02
 0.24905E+02
 0.25654E+02
 0.27083E+02
 0.27569E+02
 0.25776E+02
 0.24737E+02
 0.23358E+02
 0.21318E+02
 0.20252E+02
 0.19663E+02
 0.18259E+02
 0.14952E+02
 0.10092E+02
 0.51051E+01
 0.88281E+00
-0.36911E+01
-0.86275E+01
-0.14832E+02
-0.44011E+02
-0.54523E+02
-0.55567E+02
