-0.28190E+00
-0.11413E+01
-0.74136E+00
-0.96541E+00
-0.23946E+01
-0.28125E+01
-0.17149E+01
-0.34288E+00
 0.11933E+01
 0.24936E+01
 0.18832E+01
-0.63916E+00
-0.22025E+01
-0.57073E+00
 0.21585E+01
 0.20871E+01
-0.49926E+00
-0.27336E+01
-0.46685E+01
-0.58439E+01
-0.27094E+01
 0.30434E+01
 0.46332E+01
 0.22188E+01
 0.57042E+00
-0.13021E+01
-0.39943E+01
-0.30401E+01
 0.77248E-01
-0.59203E+00
-0.21289E+01
 0.56135E+00
 0.16514E-01
-0.74062E+00
-0.98527E+00
-0.15359E+01
-0.22158E+01
-0.21712E+01
-0.13930E+01
 0.12590E+00
 0.19014E+01
 0.22911E+01
 0.72921E+00
-0.13101E+01
-0.19329E+01
-0.33684E+00
 0.18522E+01
 0.21359E+01
 0.98113E+00
-0.23718E+00
-0.27282E+01
-0.53262E+01
-0.32833E+01
 0.20504E+01
 0.38465E+01
 0.20139E+01
 0.87736E+00
-0.75673E+00
-0.36867E+01
-0.34719E+01
-0.75558E+00
-0.94863E+00
-0.19054E+01
 0.90839E+00
 0.26144E+00
-0.52514E+00
-0.13954E+01
-0.20016E+01
-0.18587E+01
-0.16664E+01
-0.12485E+01
 0.87687E+00
 0.29848E+01
 0.18518E+01
-0.11247E+01
-0.25274E+01
-0.19537E+01
-0.38847E+00
 0.11705E+01
 0.17263E+01
 0.20451E+01
 0.23382E+01
 0.17336E+00
-0.33811E+01
-0.29402E+01
 0.10784E+01
 0.26827E+01
 0.14853E+01
 0.92465E+00
-0.34006E+00
-0.32993E+01
-0.38841E+01
-0.17931E+01
-0.14518E+01
-0.16174E+01
 0.13124E+01
 0.44108E+00
-0.49375E+00
-0.19130E+01
-0.23790E+01
-0.15109E+01
-0.15082E+01
-0.16481E+01
 0.10867E+01
 0.37811E+01
 0.17192E+01
-0.22707E+01
-0.34599E+01
-0.24656E+01
-0.10107E+01
 0.48289E+00
 0.12294E+01
 0.16788E+01
 0.21927E+01
 0.71451E+00
-0.21620E+01
-0.20462E+01
 0.95437E+00
 0.21973E+01
 0.13804E+01
 0.11670E+01
 0.24539E+00
-0.26546E+01
-0.41509E+01
-0.29177E+01
-0.20515E+01
-0.12822E+01
 0.17598E+01
 0.54947E+00
-0.61793E+00
-0.24419E+01
-0.26464E+01
-0.12377E+01
-0.15739E+01
-0.24068E+01
 0.49855E+00
 0.38013E+01
 0.18794E+01
-0.22993E+01
-0.37656E+01
-0.31379E+01
-0.17305E+01
 0.15771E+00
 0.90598E+00
 0.39454E+00
-0.26377E-01
-0.94820E+00
-0.21672E+01
-0.11663E+01
 0.15353E+01
 0.25232E+01
 0.18273E+01
 0.17231E+01
 0.11145E+01
-0.17031E+01
-0.42194E+01
-0.40260E+01
-0.26946E+01
-0.92097E+00
 0.22334E+01
 0.58646E+00
-0.85143E+00
-0.28749E+01
-0.27579E+01
-0.10071E+01
-0.15048E+01
-0.28000E+01
-0.24597E+00
 0.33228E+01
 0.23263E+01
-0.13754E+01
-0.34604E+01
-0.34972E+01
-0.20370E+01
-0.10773E+00
 0.93786E-01
-0.11392E+01
-0.18087E+01
-0.21555E+01
-0.23986E+01
-0.93461E+00
 0.16840E+01
 0.26965E+01
 0.21170E+01
 0.21122E+01
 0.19442E+01
-0.66614E+00
-0.41467E+01
-0.50364E+01
-0.33291E+01
-0.55731E+00
 0.27142E+01
 0.55703E+00
-0.11420E+01
-0.31227E+01
-0.26753E+01
-0.79503E+00
-0.10800E+01
-0.23022E+01
-0.54711E+00
 0.26063E+01
 0.28762E+01
 0.26587E+00
-0.24841E+01
-0.33752E+01
-0.20418E+01
-0.76179E+00
-0.17101E+01
-0.31580E+01
-0.30542E+01
-0.27439E+01
-0.29117E+01
-0.15845E+01
 0.11783E+01
 0.25435E+01
 0.20395E+01
 0.20147E+01
 0.23169E+01
 0.10515E+00
-0.40412E+01
-0.58770E+01
-0.39055E+01
-0.21475E+00
 0.31822E+01
 0.47031E+00
-0.14421E+01
-0.31383E+01
-0.23951E+01
-0.65099E+00
-0.45576E+00
-0.11273E+01
-0.60454E+00
 0.11854E+01
 0.26607E+01
 0.19875E+01
-0.86317E+00
-0.28740E+01
-0.21858E+01
-0.15370E+01
-0.30875E+01
-0.44485E+01
-0.39381E+01
-0.35283E+01
-0.37254E+01
-0.21139E+01
 0.12708E+01
 0.30515E+01
 0.22559E+01
 0.16975E+01
 0.21061E+01
 0.37737E+00
-0.39662E+01
-0.64735E+01
-0.43792E+01
 0.85827E-01
 0.36183E+01
 0.33837E+00
-0.17167E+01
-0.29279E+01
-0.19512E+01
-0.65243E+00
-0.56110E-02
 0.97574E-01
-0.79472E+00
-0.11274E+01
 0.10237E+01
 0.28193E+01
 0.98052E+00
-0.17629E+01
-0.19840E+01
-0.14334E+01
-0.22660E+01
-0.32539E+01
-0.35566E+01
-0.40746E+01
-0.41016E+01
-0.16402E+01
 0.24075E+01
 0.43239E+01
 0.29631E+01
 0.14299E+01
 0.14145E+01
 0.13396E+00
-0.38942E+01
-0.67545E+01
-0.47152E+01
 0.32848E+00
 0.40049E+01
 0.17486E+00
-0.19457E+01
-0.25470E+01
-0.14013E+01
-0.80651E+00
 0.30459E-01
 0.96824E+00
-0.83997E+00
-0.31355E+01
-0.11905E+01
 0.22129E+01
 0.19785E+01
-0.11219E+00
-0.56103E+00
-0.74650E-01
-0.16682E+00
-0.10773E+01
-0.29105E+01
-0.46410E+01
-0.41154E+01
-0.69478E+00
 0.34740E+01
 0.51496E+01
 0.34197E+01
 0.10321E+01
 0.34344E+00
-0.49233E+00
-0.37444E+01
-0.66774E+01
-0.48941E+01
 0.50402E+00
 0.43275E+01
-0.61315E-02
-0.21226E+01
-0.20838E+01
-0.81255E+00
-0.10123E+01
-0.29388E+00
 0.13963E+01
-0.33734E+00
-0.33802E+01
-0.22174E+01
 0.70393E+00
 0.10596E+01
 0.62984E+00
 0.11121E+01
 0.12471E+01
 0.82130E+00
-0.46833E+00
-0.33758E+01
-0.55688E+01
-0.40276E+01
 0.24466E+00
 0.39922E+01
 0.50803E+01
 0.32090E+01
 0.32449E+00
-0.97809E+00
-0.13046E+01
-0.34543E+01
-0.62581E+01
-0.49155E+01
 0.61117E+00
 0.45750E+01
-0.19115E+00
-0.22493E+01
-0.16353E+01
-0.25721E+00
-0.11241E+01
-0.73859E+00
 0.13221E+01
 0.22198E+00
-0.21521E+01
-0.12088E+01
 0.50700E-01
-0.74984E+00
-0.23355E+00
 0.15525E+01
 0.16062E+01
 0.66127E+00
-0.69925E+00
-0.36850E+01
-0.57873E+01
-0.35253E+01
 0.12563E+01
 0.45251E+01
 0.49319E+01
 0.28460E+01
-0.41667E+00
-0.22473E+01
-0.20822E+01
-0.30280E+01
-0.55782E+01
-0.47955E+01
 0.65674E+00
 0.47405E+01
-0.36820E+00
-0.23306E+01
-0.12826E+01
 0.19035E+00
-0.10538E+01
-0.10439E+01
 0.77528E+00
-0.10945E+00
-0.12643E+01
 0.98500E+00
 0.18794E+01
-0.59710E+00
-0.92255E+00
 0.14614E+01
 0.21882E+01
 0.12338E+01
-0.24129E+00
-0.31279E+01
-0.52642E+01
-0.31443E+01
 0.16596E+01
 0.48870E+01
 0.50572E+01
 0.27973E+01
-0.77342E+00
-0.30793E+01
-0.26336E+01
-0.25368E+01
-0.47615E+01
-0.45579E+01
 0.65492E+00
 0.48208E+01
-0.52737E+00
-0.23688E+01
-0.10715E+01
 0.46615E+00
-0.82831E+00
-0.10331E+01
 0.20522E+00
-0.12145E+01
-0.17249E+01
 0.27342E+01
 0.54560E+01
 0.20564E+01
-0.67714E+00
 0.12907E+01
 0.34630E+01
 0.27281E+01
 0.76183E-01
-0.32369E+01
-0.52020E+01
-0.34909E+01
 0.97417E+00
 0.45156E+01
 0.49975E+01
 0.28605E+01
-0.68516E+00
-0.32876E+01
-0.28810E+01
-0.20852E+01
-0.39290E+01
-0.42225E+01
 0.62527E+00
 0.48164E+01
-0.66124E+00
-0.23616E+01
-0.10045E+01
 0.53981E+00
-0.56541E+00
-0.70323E+00
 0.29188E+00
-0.16587E+01
-0.25430E+01
 0.31013E+01
 0.81256E+01
 0.46142E+01
-0.10862E+01
-0.28165E+00
 0.37731E+01
 0.37218E+01
-0.39113E+00
-0.40833E+01
-0.52979E+01
-0.38448E+01
 0.52516E-01
 0.38814E+01
 0.47043E+01
 0.27342E+01
-0.42481E+00
-0.30158E+01
-0.29004E+01
-0.17625E+01
-0.31564E+01
-0.37979E+01
 0.58953E+00
 0.47312E+01
-0.76521E+00
-0.23027E+01
-0.10450E+01
 0.43342E+00
-0.39037E+00
-0.28331E+00
 0.11752E+01
-0.36630E+00
-0.21928E+01
 0.23520E+01
 0.83362E+01
 0.57612E+01
-0.15468E+01
-0.21132E+01
 0.30879E+01
 0.39615E+01
-0.73273E+00
-0.43659E+01
-0.50535E+01
-0.41520E+01
-0.72193E+00
 0.36092E+01
 0.45981E+01
 0.24509E+01
-0.26868E+00
-0.25934E+01
-0.28572E+01
-0.16013E+01
-0.24565E+01
-0.32831E+01
 0.56764E+00
 0.45710E+01
-0.83743E+00
-0.21849E+01
-0.11342E+01
 0.21743E+00
-0.34510E+00
-0.10577E+00
 0.21043E+01
 0.19559E+01
-0.54846E+00
 0.11792E+01
 0.64728E+01
 0.61726E+01
 0.16875E+00
-0.11958E+01
 0.32915E+01
 0.39657E+01
-0.92026E+00
-0.44176E+01
-0.52466E+01
-0.51471E+01
-0.17334E+01
 0.35317E+01
 0.46770E+01
 0.20851E+01
-0.32766E+00
-0.22878E+01
-0.28826E+01
-0.15635E+01
-0.17964E+01
-0.26777E+01
 0.57364E+00
 0.43433E+01
-0.87885E+00
-0.20044E+01
-0.12130E+01
-0.22236E-01
-0.35551E+00
-0.30187E+00
 0.21388E+01
 0.35323E+01
 0.12317E+01
 0.96556E-01
 0.33642E+01
 0.51370E+01
 0.22071E+01
 0.11022E+01
 0.39093E+01
 0.33852E+01
-0.16181E+01
-0.47352E+01
-0.54905E+01
-0.57570E+01
-0.23240E+01
 0.33820E+01
 0.44405E+01
 0.15143E+01
-0.56947E+00
-0.21675E+01
-0.29950E+01
-0.15650E+01
-0.11374E+01
-0.19965E+01
 0.61263E+00
 0.40565E+01
-0.89276E+00
-0.17644E+01
-0.12411E+01
-0.22943E+00
-0.29708E+00
-0.62446E+00
 0.11517E+01
 0.33664E+01
 0.22079E+01
-0.36467E+00
 0.17020E+00
 0.18442E+01
 0.11758E+01
 0.11396E+01
 0.32045E+01
 0.22778E+01
-0.21092E+01
-0.44519E+01
-0.47036E+01
-0.48814E+01
-0.19452E+01
 0.29604E+01
 0.34737E+01
 0.63562E+00
-0.86899E+00
-0.21348E+01
-0.31174E+01
-0.15269E+01
-0.47559E+00
-0.12793E+01
 0.67985E+00
 0.37191E+01
-0.88440E+00
-0.14772E+01
-0.12053E+01
-0.40421E+00
-0.12009E+00
-0.65327E+00
-0.44675E-01
 0.19800E+01
 0.22672E+01
-0.13787E-01
-0.16942E+01
-0.17037E+01
-0.14909E+01
-0.23853E+00
 0.20520E+01
 0.16676E+01
-0.15775E+01
-0.34399E+01
-0.37256E+01
-0.38672E+01
-0.15293E+01
 0.20825E+01
 0.19539E+01
-0.35316E+00
-0.10567E+01
-0.20469E+01
-0.31501E+01
-0.14166E+01
 0.14093E+00
-0.58928E+00
 0.76217E+00
 0.33394E+01
-0.86030E+00
-0.11638E+01
-0.11153E+01
-0.58742E+00
 0.78319E-01
-0.21502E+00
-0.54226E+00
 0.57397E+00
 0.16414E+01
 0.34075E+00
-0.23212E+01
-0.36217E+01
-0.27262E+01
-0.37346E+00
 0.17547E+01
 0.14273E+01
-0.89315E+00
-0.25364E+01
-0.32815E+01
-0.34168E+01
-0.13006E+01
 0.12706E+01
 0.61356E+00
-0.10555E+01
-0.10050E+01
-0.18146E+01
-0.30302E+01
-0.12548E+01
 0.62819E+00
 0.41674E-03
 0.84192E+00
 0.29251E+01
-0.82749E+00
-0.85070E+00
-0.99262E+00
-0.81132E+00
 0.12206E+00
 0.42364E+00
-0.16783E+00
-0.80306E-01
 0.69681E+00
-0.15376E+00
-0.30409E+01
-0.47542E+01
-0.31008E+01
 0.10575E-01
 0.15048E+01
 0.61852E+00
-0.99119E+00
-0.18876E+01
-0.24504E+01
-0.23813E+01
-0.52193E+00
 0.10444E+01
-0.10374E+00
-0.12716E+01
-0.71106E+00
-0.14369E+01
-0.27499E+01
-0.10893E+01
 0.90531E+00
 0.42812E+00
 0.90165E+00
 0.24834E+01
-0.79274E+00
-0.56618E+00
-0.85981E+00
-0.10553E+01
-0.80573E-01
 0.79659E+00
 0.49237E+00
-0.21227E-01
-0.38332E-01
-0.10894E+01
-0.39544E+01
-0.57556E+01
-0.38696E+01
-0.38591E+00
 0.95401E+00
-0.19011E+00
-0.14038E+01
-0.15435E+01
-0.15246E+01
-0.12949E+01
 0.12155E-01
 0.76988E+00
-0.43596E+00
-0.10931E+01
-0.29614E+00
-0.10048E+01
-0.23561E+01
-0.96207E+00
 0.93406E+00
 0.66316E+00
 0.92857E+00
 0.20206E+01
-0.76180E+00
-0.33549E+00
-0.73688E+00
-0.12476E+01
-0.43201E+00
 0.65453E+00
 0.72021E+00
 0.19879E+00
-0.30539E+00
-0.16426E+01
-0.42472E+01
-0.58463E+01
-0.41247E+01
-0.64525E+00
 0.98399E+00
-0.12269E+00
-0.16579E+01
-0.19685E+01
-0.17975E+01
-0.15654E+01
-0.59440E+00
 0.15294E+00
-0.42324E+00
-0.63595E+00
 0.31706E-01
-0.69470E+00
-0.19458E+01
-0.89315E+00
 0.73795E+00
 0.71527E+00
 0.91706E+00
 0.15428E+01
-0.73882E+00
-0.17679E+00
-0.64336E+00
-0.13189E+01
-0.71292E+00
 0.13763E+00
 0.24591E+00
 0.83188E-01
-0.29638E+00
-0.17703E+01
-0.41289E+01
-0.52282E+01
-0.34476E+01
-0.18381E+00
 0.14024E+01
 0.76403E-01
-0.20935E+01
-0.28569E+01
-0.25810E+01
-0.20959E+01
-0.92817E+00
 0.30354E+00
 0.28368E+00
-0.81277E-01
 0.15462E-02
-0.70778E+00
-0.16383E+01
-0.88315E+00
 0.39308E+00
 0.62985E+00
 0.86876E+00
 0.10555E+01
-0.72596E+00
-0.98061E-01
-0.59978E+00
-0.12647E+01
-0.77175E+00
-0.42841E+00
-0.69623E+00
-0.43176E+00
-0.12694E+00
-0.14821E+01
-0.39224E+01
-0.47789E+01
-0.28481E+01
 0.11713E+00
 0.13060E+01
-0.24925E+00
-0.25632E+01
-0.33232E+01
-0.27212E+01
-0.16908E+01
-0.26186E-01
 0.14983E+01
 0.13168E+01
 0.14365E+00
-0.55924E+00
-0.11226E+01
-0.15173E+01
-0.92194E+00
-0.16986E-02
 0.47141E+00
 0.79031E+00
 0.56417E+00
-0.72327E+00
-0.95732E-01
-0.62257E+00
-0.11626E+01
-0.66162E+00
-0.85794E+00
-0.17250E+01
-0.11203E+01
 0.27843E+00
-0.38705E+00
-0.29144E+01
-0.41696E+01
-0.27965E+01
-0.52170E+00
 0.41062E+00
-0.61668E+00
-0.23407E+01
-0.32208E+01
-0.29577E+01
-0.16252E+01
 0.71104E+00
 0.24502E+01
 0.18233E+01
-0.15731E+00
-0.14481E+01
-0.17882E+01
-0.15863E+01
-0.99426E+00
-0.35916E+00
 0.30216E+00
 0.68995E+00
 0.74070E-01
-0.72885E+00
-0.15522E+00
-0.71288E+00
-0.11212E+01
-0.59382E+00
-0.12185E+01
-0.26176E+01
-0.18062E+01
 0.69053E+00
 0.11715E+01
-0.10223E+01
-0.29531E+01
-0.29707E+01
-0.20481E+01
-0.12812E+01
-0.10277E+01
-0.16225E+01
-0.30053E+01
-0.38799E+01
-0.25221E+01
 0.70508E+00
 0.28269E+01
 0.19120E+01
-0.52162E+00
-0.21771E+01
-0.24366E+01
-0.17788E+01
-0.10799E+01
-0.62752E+00
 0.16423E+00
 0.57428E+00
-0.40943E+00
-0.73925E+00
-0.25365E+00
-0.84726E+00
-0.11968E+01
-0.74847E+00
-0.16692E+01
-0.33132E+01
-0.23744E+01
 0.74936E+00
 0.21380E+01
 0.51838E+00
-0.17592E+01
-0.30558E+01
-0.35862E+01
-0.32102E+01
-0.18374E+01
-0.12021E+01
-0.27743E+01
-0.44815E+01
-0.29598E+01
 0.10802E+01
 0.34040E+01
 0.21694E+01
-0.55878E+00
-0.25311E+01
-0.29227E+01
-0.20005E+01
-0.11498E+01
-0.79619E+00
 0.71770E-01
 0.44647E+00
-0.88077E+00
-0.75002E+00
-0.36450E+00
-0.97993E+00
-0.13434E+01
-0.11117E+01
-0.22446E+01
-0.38028E+01
-0.26727E+01
 0.57773E+00
 0.22806E+01
 0.11133E+01
-0.11227E+01
-0.30193E+01
-0.43971E+01
-0.44286E+01
-0.25719E+01
-0.10394E+01
-0.22651E+01
-0.41378E+01
-0.25390E+01
 0.17007E+01
 0.38101E+01
 0.22282E+01
-0.64568E+00
-0.27837E+01
-0.32666E+01
-0.21418E+01
-0.11623E+01
-0.88533E+00
 0.14588E-01
 0.30649E+00
-0.13341E+01
-0.75642E+00
-0.46302E+00
-0.10600E+01
-0.14392E+01
-0.14779E+01
-0.28028E+01
-0.41131E+01
-0.27013E+01
 0.45939E+00
 0.21568E+01
 0.13384E+01
-0.81249E+00
-0.31495E+01
-0.49295E+01
-0.50040E+01
-0.29226E+01
-0.92703E+00
-0.16974E+01
-0.35301E+01
-0.22886E+01
 0.14863E+01
 0.32317E+01
 0.15610E+01
-0.11735E+01
-0.31635E+01
-0.34488E+01
-0.20727E+01
-0.10716E+01
-0.92702E+00
-0.29417E-01
 0.15303E+00
-0.17631E+01
-0.75402E+00
-0.53127E+00
-0.10564E+01
-0.13746E+01
-0.16059E+01
-0.31400E+01
-0.42966E+01
-0.26873E+01
 0.23279E+00
 0.17805E+01
 0.14027E+01
-0.53583E+00
-0.33917E+01
-0.55272E+01
-0.54211E+01
-0.32944E+01
-0.13432E+01
-0.17268E+01
-0.31877E+01
-0.22565E+01
 0.84549E+00
 0.22478E+01
 0.68614E+00
-0.17787E+01
-0.34492E+01
-0.33196E+01
-0.16909E+01
-0.85165E+00
-0.94698E+00
-0.78978E-01
-0.13665E-01
-0.21612E+01
-0.73933E+00
-0.56102E+00
-0.97644E+00
-0.11372E+01
-0.13975E+01
-0.31356E+01
-0.43451E+01
-0.27152E+01
-0.22532E+00
 0.89386E+00
 0.98972E+00
-0.25721E+00
-0.32180E+01
-0.56323E+01
-0.54958E+01
-0.37235E+01
-0.22574E+01
-0.21956E+01
-0.27726E+01
-0.18577E+01
 0.45240E+00
 0.14175E+01
 0.80127E-01
-0.20111E+01
-0.33403E+01
-0.27973E+01
-0.10180E+01
-0.52071E+00
-0.95283E+00
-0.13769E+00
-0.18935E+00
-0.25212E+01
-0.71014E+00
-0.55382E+00
-0.86658E+00
-0.83515E+00
-0.96180E+00
-0.28194E+01
-0.41982E+01
-0.25807E+01
-0.46638E+00
 0.15404E-01
 0.33148E+00
-0.20617E-01
-0.27052E+01
-0.54123E+01
-0.54908E+01
-0.40872E+01
-0.29301E+01
-0.23364E+01
-0.21304E+01
-0.15341E+01
-0.38605E+00
 0.88178E-01
-0.63801E+00
-0.19550E+01
-0.28727E+01
-0.20420E+01
-0.23068E+00
-0.14225E+00
-0.93201E+00
-0.19029E+00
-0.36473E+00
-0.28362E+01
-0.66582E+00
-0.51824E+00
-0.79238E+00
-0.64251E+00
-0.53045E+00
-0.23203E+01
-0.38726E+01
-0.22548E+01
-0.20742E+00
-0.21238E+00
-0.46437E-01
 0.13908E+00
-0.23041E+01
-0.54659E+01
-0.59945E+01
-0.47057E+01
-0.34123E+01
-0.23775E+01
-0.18281E+01
-0.17611E+01
-0.17429E+01
-0.16034E+01
-0.13977E+01
-0.16753E+01
-0.22381E+01
-0.13362E+01
 0.43194E+00
 0.20208E+00
-0.85967E+00
-0.20790E+00
-0.52614E+00
-0.30988E+01
-0.60735E+00
-0.46562E+00
-0.80849E+00
-0.70362E+00
-0.30341E+00
-0.17371E+01
-0.34366E+01
-0.20735E+01
 0.61628E-01
-0.40960E-01
-0.23362E+00
 0.79769E-01
-0.19240E+01
-0.52598E+01
-0.64679E+01
-0.55558E+01
-0.42166E+01
-0.29430E+01
-0.19918E+01
-0.17782E+01
-0.22130E+01
-0.23233E+01
-0.14679E+01
-0.10158E+01
-0.15455E+01
-0.85994E+00
 0.80391E+00
 0.44376E+00
-0.71451E+00
-0.15979E+00
-0.65788E+00
-0.33026E+01
-0.53725E+00
-0.40591E+00
-0.93351E+00
-0.10576E+01
-0.34563E+00
-0.10535E+01
-0.27956E+01
-0.21495E+01
-0.68687E-01
 0.12088E+00
-0.54147E+00
-0.56797E+00
-0.18085E+01
-0.45594E+01
-0.63410E+01
-0.61783E+01
-0.50566E+01
-0.36353E+01
-0.20586E+01
-0.11170E+01
-0.16090E+01
-0.21571E+01
-0.11263E+01
-0.26647E+00
-0.91645E+00
-0.61804E+00
 0.85287E+00
 0.53859E+00
-0.49544E+00
-0.26379E-01
-0.74536E+00
-0.34420E+01
-0.45936E+00
-0.34509E+00
-0.11423E+01
-0.16230E+01
-0.59918E+00
-0.22090E+00
-0.16996E+01
-0.20368E+01
-0.24234E+00
 0.50505E+00
-0.73716E+00
-0.18804E+01
-0.26918E+01
-0.43314E+01
-0.60749E+01
-0.64243E+01
-0.55542E+01
-0.41890E+01
-0.22319E+01
-0.70399E+00
-0.13218E+01
-0.24300E+01
-0.13500E+01
 0.28683E-01
-0.45392E+00
-0.48831E+00
 0.64619E+00
 0.45949E+00
-0.23011E+00
 0.19159E+00
-0.77815E+00
-0.35128E+01
-0.37865E+00
-0.28489E+00
-0.13781E+01
-0.22408E+01
-0.96803E+00
 0.66045E+00
-0.11466E+00
-0.13359E+01
-0.16856E+00
 0.10594E+01
-0.57692E+00
-0.30922E+01
-0.40510E+01
-0.46635E+01
-0.58717E+01
-0.63703E+01
-0.59176E+01
-0.50253E+01
-0.29914E+01
-0.88120E+00
-0.13305E+01
-0.27873E+01
-0.18041E+01
 0.15537E-01
-0.37941E-01
-0.30487E+00
 0.27918E+00
 0.19054E+00
 0.30849E-01
 0.47095E+00
-0.75199E+00
-0.35128E+01
-0.30092E+00
-0.22427E+00
-0.15774E+01
-0.27428E+01
-0.13778E+01
 0.12969E+01
 0.15458E+01
-0.22732E+00
-0.22291E+00
 0.89204E+00
-0.54118E+00
-0.33965E+01
-0.44360E+01
-0.46103E+01
-0.55775E+01
-0.62469E+01
-0.62146E+01
-0.57178E+01
-0.35585E+01
-0.76336E+00
-0.57071E+00
-0.19941E+01
-0.14752E+01
 0.20341E+00
 0.49006E+00
 0.72712E-02
-0.18354E+00
-0.26646E+00
 0.23087E+00
 0.77094E+00
-0.66948E+00
-0.34420E+01
-0.23248E+00
-0.16179E+00
-0.16953E+01
-0.30108E+01
-0.17631E+01
 0.13975E+01
 0.26939E+01
 0.90916E+00
-0.49586E+00
-0.24915E+00
-0.10967E+01
-0.30498E+01
-0.37545E+01
-0.40142E+01
-0.52394E+01
-0.62316E+01
-0.63449E+01
-0.57295E+01
-0.35022E+01
-0.63225E+00
 0.11837E+00
-0.81454E+00
-0.74452E+00
 0.42254E+00
 0.96992E+00
 0.34229E+00
-0.72389E+00
-0.88032E+00
 0.32557E+00
 0.10422E+01
-0.53934E+00
-0.33032E+01
-0.17993E+00
-0.97526E-01
-0.17194E+01
-0.30090E+01
-0.20298E+01
 0.92682E+00
 0.29873E+01
 0.19290E+01
-0.19528E+00
-0.98178E+00
-0.16019E+01
-0.27895E+01
-0.32488E+01
-0.33503E+01
-0.43407E+01
-0.56912E+01
-0.64126E+01
-0.58953E+01
-0.38380E+01
-0.14402E+01
-0.32973E+00
-0.38245E+00
-0.43459E+00
 0.25468E+00
 0.11357E+01
 0.52493E+00
-0.13375E+01
-0.15884E+01
 0.29178E+00
 0.12363E+01
-0.37464E+00
-0.31018E+01
-0.14978E+00
-0.33921E-01
-0.16688E+01
-0.27893E+01
-0.20697E+01
 0.16219E+00
 0.24320E+01
 0.26054E+01
 0.11071E+01
 0.59784E-01
-0.79237E+00
-0.23403E+01
-0.33263E+01
-0.29649E+01
-0.28024E+01
-0.42840E+01
-0.63434E+01
-0.65279E+01
-0.44766E+01
-0.20990E+01
-0.42688E+00
 0.35559E+00
 0.45366E-01
 0.58441E-01
 0.10901E+01
 0.50854E+00
-0.19893E+01
-0.23113E+01
 0.12507E+00
 0.13140E+01
-0.19067E+00
-0.28457E+01
-0.14813E+00
 0.24264E-01
-0.15791E+01
-0.24732E+01
-0.18402E+01
-0.48129E+00
 0.12790E+01
 0.23812E+01
 0.23663E+01
 0.21799E+01
 0.14806E+01
-0.64321E+00
-0.27233E+01
-0.27860E+01
-0.20493E+01
-0.33306E+01
-0.59887E+01
-0.64789E+01
-0.42742E+01
-0.17135E+01
 0.56576E+00
 0.20255E+01
 0.13238E+01
 0.42664E+00
 0.11695E+01
 0.39133E+00
-0.26086E+01
-0.29756E+01
-0.16807E+00
 0.12503E+01
-0.28355E-02
-0.25455E+01
-0.18027E+00
 0.70432E-01
-0.14801E+01
-0.22109E+01
-0.14431E+01
-0.70048E+00
-0.61999E-02
 0.10199E+01
 0.21710E+01
 0.32115E+01
 0.33047E+01
 0.17132E+01
-0.58000E+00
-0.18240E+01
-0.21890E+01
-0.35299E+01
-0.55047E+01
-0.56102E+01
-0.39803E+01
-0.22233E+01
 0.35939E+00
 0.29025E+01
 0.25549E+01
 0.11733E+01
 0.14491E+01
 0.26909E+00
-0.31188E+01
-0.35303E+01
-0.57440E+00
 0.10379E+01
 0.17483E+00
-0.22137E+01
-0.25023E+00
 0.96173E-01
-0.13788E+01
-0.21219E+01
-0.11212E+01
-0.47497E+00
-0.83686E+00
-0.73772E+00
 0.62786E+00
 0.21331E+01
 0.24580E+01
 0.19077E+01
 0.12182E+01
 0.25937E+00
-0.13102E+01
-0.34277E+01
-0.50272E+01
-0.50903E+01
-0.47396E+01
-0.42738E+01
-0.13678E+01
 0.25889E+01
 0.31458E+01
 0.17859E+01
 0.17347E+01
 0.17154E+00
-0.34629E+01
-0.39464E+01
-0.10707E+01
 0.68871E+00
 0.33044E+00
-0.18641E+01
-0.36027E+00
 0.90554E-01
-0.12528E+01
-0.22371E+01
-0.11490E+01
-0.84651E-01
-0.85413E+00
-0.17150E+01
-0.71157E+00
 0.42074E+00
-0.30202E+00
-0.96855E+00
 0.28028E+00
 0.14971E+01
 0.38471E+00
-0.24139E+01
-0.45526E+01
-0.51236E+01
-0.55242E+01
-0.52705E+01
-0.16438E+01
 0.30633E+01
 0.37434E+01
 0.22089E+01
 0.19373E+01
 0.12547E+00
-0.36107E+01
-0.42067E+01
-0.16175E+01
 0.23221E+00
 0.45430E+00
-0.15116E+01
-0.51035E+00
 0.39045E-01
-0.10617E+01
-0.24692E+01
-0.16740E+01
 0.48787E-01
-0.22779E+00
-0.14616E+01
-0.79299E+00
 0.12879E+00
-0.15515E+01
-0.33787E+01
-0.20259E+01
 0.53606E+00
 0.71157E+00
-0.15314E+01
-0.37210E+01
-0.47606E+01
-0.55292E+01
-0.49136E+01
-0.64304E+00
 0.40515E+01
 0.42913E+01
 0.25676E+01
 0.21740E+01
 0.16074E+00
-0.35777E+01
-0.42991E+01
-0.21570E+01
-0.28914E+00
 0.53834E+00
-0.11708E+01
-0.69764E+00
-0.76827E-01
-0.76950E+00
-0.26348E+01
-0.26063E+01
-0.37328E+00
 0.51471E+00
-0.48574E+00
-0.13617E+00
 0.10827E+01
-0.11878E+00
-0.25056E+01
-0.26194E+01
-0.94646E+00
-0.42819E-01
-0.54504E+00
-0.16437E+01
-0.31965E+01
-0.53185E+01
-0.56448E+01
-0.17210E+01
 0.30073E+01
 0.38608E+01
 0.29046E+01
 0.25436E+01
 0.20219E+00
-0.34455E+01
-0.42171E+01
-0.26223E+01
-0.82774E+00
 0.57546E+00
-0.85573E+00
-0.91612E+00
-0.27784E+00
-0.37079E+00
-0.25246E+01
-0.36332E+01
-0.13396E+01
 0.95103E+00
 0.59121E+00
 0.34259E+00
 0.14618E+01
 0.12339E+01
-0.69522E+00
-0.18524E+01
-0.14017E+01
-0.12489E+00
 0.11048E+01
 0.12170E+01
-0.74573E+00
-0.43487E+01
-0.64259E+01
-0.39785E+01
 0.58841E+00
 0.29619E+01
 0.34337E+01
 0.29138E+01
 0.23727E-01
-0.33293E+01
-0.39602E+01
-0.29545E+01
-0.13401E+01
 0.55914E+00
-0.57847E+00
-0.11564E+01
-0.58269E+00
 0.94170E-01
-0.19924E+01
-0.43533E+01
-0.25644E+01
 0.95542E+00
 0.15723E+01
 0.70452E+00
 0.90014E+00
 0.71814E+00
-0.70337E+00
-0.17571E+01
-0.14936E+01
-0.85610E-01
 0.16532E+01
 0.22391E+01
 0.79584E+00
-0.21075E+01
-0.43177E+01
-0.34137E+01
 0.14646E-02
 0.30201E+01
 0.41865E+01
 0.29144E+01
-0.57668E+00
-0.32776E+01
-0.35345E+01
-0.31226E+01
-0.17941E+01
 0.48371E+00
-0.34864E+00
-0.14058E+01
-0.10012E+01
 0.54344E+00
-0.10178E+01
-0.44473E+01
-0.36804E+01
 0.52240E+00
 0.22814E+01
 0.13600E+01
 0.74414E+00
 0.12550E+00
-0.10986E+01
-0.18256E+01
-0.17915E+01
-0.11893E+01
-0.12379E+00
 0.47480E+00
 0.13670E+00
-0.56218E+00
-0.11146E+01
-0.77777E+00
 0.11057E+01
 0.36156E+01
 0.45205E+01
 0.22688E+01
-0.14928E+01
-0.31987E+01
-0.29655E+01
-0.31348E+01
-0.21716E+01
 0.34532E+00
-0.17251E+00
-0.16489E+01
-0.15271E+01
 0.87736E+00
 0.28463E+00
-0.37919E+01
-0.43978E+01
-0.33371E+00
 0.22700E+01
 0.18554E+01
 0.13120E+01
 0.82868E+00
-0.18924E+00
-0.10785E+01
-0.20094E+01
-0.27185E+01
-0.22601E+01
-0.15246E+01
-0.14645E+01
-0.11974E+01
-0.52766E+00
-0.62949E-01
 0.10232E+01
 0.31562E+01
 0.39183E+01
 0.12488E+01
-0.22636E+01
-0.29346E+01
-0.23248E+01
-0.30350E+01
-0.24646E+01
 0.14359E+00
-0.52521E-01
-0.18685E+01
-0.21320E+01
 0.10131E+01
 0.17080E+01
-0.24811E+01
-0.45604E+01
-0.14314E+01
 0.13771E+01
 0.15034E+01
 0.15308E+01
 0.16151E+01
 0.73570E+00
-0.61857E+00
-0.23009E+01
-0.35445E+01
-0.30412E+01
-0.20679E+01
-0.22222E+01
-0.23199E+01
-0.16878E+01
-0.13270E+01
-0.49844E+00
 0.17829E+01
 0.29488E+01
 0.55755E+00
-0.24480E+01
-0.24531E+01
-0.17447E+01
-0.28801E+01
-0.26680E+01
-0.11690E+00
 0.13111E-01
-0.20469E+01
-0.27648E+01
 0.91563E+00
 0.30203E+01
-0.78290E+00
-0.41752E+01
-0.24041E+01
 0.17440E+00
 0.68840E+00
 0.12171E+01
 0.17083E+01
 0.67241E+00
-0.11989E+01
-0.29561E+01
-0.39134E+01
-0.33239E+01
-0.22948E+01
-0.21808E+01
-0.21537E+01
-0.17901E+01
-0.18613E+01
-0.12933E+01
 0.10529E+01
 0.25280E+01
 0.54957E+00
-0.20758E+01
-0.19537E+01
-0.13796E+01
-0.27078E+01
-0.27724E+01
-0.42560E+00
 0.30392E-01
-0.21676E+01
-0.33567E+01
 0.61157E+00
 0.40243E+01
 0.93334E+00
-0.34484E+01
-0.30055E+01
-0.62001E+00
 0.34487E+00
 0.11898E+01
 0.18041E+01
 0.45497E+00
-0.20183E+01
-0.38346E+01
-0.44593E+01
-0.39280E+01
-0.28967E+01
-0.21460E+01
-0.16223E+01
-0.13682E+01
-0.14664E+01
-0.71753E+00
 0.14542E+01
 0.26459E+01
 0.82445E+00
-0.16164E+01
-0.17335E+01
-0.13195E+01
-0.25111E+01
-0.27624E+01
-0.76620E+00
 0.93020E-02
-0.22171E+01
-0.38314E+01
 0.18130E+00
 0.45938E+01
 0.22887E+01
-0.27306E+01
-0.33225E+01
-0.89965E+00
 0.58017E+00
 0.14262E+01
 0.18336E+01
 0.26962E+00
-0.26079E+01
-0.45603E+01
-0.49165E+01
-0.43389E+01
-0.34585E+01
-0.27152E+01
-0.23533E+01
-0.21354E+01
-0.13743E+01
 0.31994E+00
 0.22066E+01
 0.26370E+01
 0.82425E+00
-0.14623E+01
-0.19300E+01
-0.15234E+01
-0.22401E+01
-0.26223E+01
-0.11180E+01
-0.36819E-01
-0.21867E+01
-0.41204E+01
-0.26730E+00
 0.46839E+01
 0.29962E+01
-0.23291E+01
-0.35535E+01
-0.97413E+00
 0.82666E+00
 0.12189E+01
 0.10635E+01
-0.46299E+00
-0.30250E+01
-0.45428E+01
-0.44761E+01
-0.41522E+01
-0.41798E+01
-0.41466E+01
-0.39127E+01
-0.31077E+01
-0.10362E+01
 0.15225E+01
 0.27981E+01
 0.23137E+01
 0.56218E+00
-0.15720E+01
-0.24227E+01
-0.18412E+01
-0.18357E+01
-0.23483E+01
-0.14585E+01
-0.92138E-01
-0.20735E+01
-0.41768E+01
-0.63277E+00
 0.43243E+01
 0.29397E+01
-0.23328E+01
-0.36762E+01
-0.92856E+00
 0.86577E+00
 0.56493E+00
-0.19221E+00
-0.14424E+01
-0.31680E+01
-0.37575E+01
-0.31467E+01
-0.34263E+01
-0.48581E+01
-0.54630E+01
-0.45700E+01
-0.26617E+01
 0.24906E+00
 0.28902E+01
 0.33287E+01
 0.21025E+01
 0.44520E+00
-0.16915E+01
-0.29901E+01
-0.21147E+01
-0.12766E+01
-0.19595E+01
-0.17655E+01
-0.13947E+00
-0.18816E+01
-0.39871E+01
-0.84970E+00
 0.36045E+01
 0.21968E+01
-0.26153E+01
-0.34952E+01
-0.60548E+00
 0.86687E+00
-0.83823E-01
-0.11928E+01
-0.21258E+01
-0.32011E+01
-0.30700E+01
-0.18600E+01
-0.22916E+01
-0.45830E+01
-0.55847E+01
-0.42439E+01
-0.18849E+01
 0.11509E+01
 0.37578E+01
 0.38483E+01
 0.22361E+01
 0.55961E+00
-0.17715E+01
-0.35084E+01
-0.22711E+01
-0.61183E+00
-0.15036E+01
-0.20199E+01
-0.16151E+00
-0.16214E+01
-0.35755E+01
-0.90523E+00
 0.26532E+01
 0.10015E+01
-0.29836E+01
-0.29800E+01
-0.60464E-01
 0.87572E+00
-0.54872E+00
-0.18080E+01
-0.25475E+01
-0.32356E+01
-0.26340E+01
-0.90471E+00
-0.10994E+01
-0.36796E+01
-0.51806E+01
-0.43663E+01
-0.25557E+01
 0.45660E+00
 0.37151E+01
 0.41974E+01
 0.23845E+01
 0.53697E+00
-0.19653E+01
-0.39586E+01
-0.23364E+01
 0.43000E-01
-0.10502E+01
-0.22065E+01
-0.14221E+00
-0.13097E+01
-0.30001E+01
-0.83932E+00
 0.16138E+01
-0.32674E+00
-0.32914E+01
-0.23961E+01
 0.32836E+00
 0.85440E+00
-0.52715E+00
-0.17619E+01
-0.25897E+01
-0.29815E+01
-0.17889E+01
 0.24586E+00
-0.11370E+00
-0.30518E+01
-0.49724E+01
-0.48751E+01
-0.38618E+01
-0.80135E+00
 0.33657E+01
 0.43287E+01
 0.22097E+01
 0.18165E+00
-0.22543E+01
-0.42948E+01
-0.23846E+01
 0.54140E+00
-0.67751E+00
-0.23147E+01
-0.67978E-01
-0.96708E+00
-0.23433E+01
-0.73028E+00
 0.61550E+00
-0.14662E+01
-0.34278E+01
-0.20376E+01
 0.24363E+00
 0.85775E+00
 0.38714E+00
-0.54236E+00
-0.19553E+01
-0.25660E+01
-0.86826E+00
 0.14522E+01
 0.77000E+00
-0.24948E+01
-0.45188E+01
-0.48106E+01
-0.44211E+01
-0.13843E+01
 0.33458E+01
 0.44415E+01
 0.19408E+01
-0.12702E+00
-0.23247E+01
-0.44122E+01
-0.24875E+01
 0.75286E+00
-0.45338E+00
-0.23384E+01
 0.71163E-01
-0.61677E+00
-0.16960E+01
-0.67091E+00
-0.25438E+00
-0.21804E+01
-0.32817E+01
-0.18976E+01
-0.16985E+00
 0.93198E+00
 0.17558E+01
 0.12283E+01
-0.10058E+01
-0.23675E+01
-0.60022E+00
 0.20883E+01
 0.15730E+01
-0.16401E+01
-0.38333E+01
-0.47603E+01
-0.49815E+01
-0.18248E+01
 0.34350E+01
 0.46653E+01
 0.20038E+01
 0.58647E-01
-0.19447E+01
-0.42756E+01
-0.26987E+01
 0.60026E+00
-0.42100E+00
-0.22756E+01
 0.28075E+00
